-3845.3 1668.5 17.6 281 0 22.5 62.3 10.0 2.5 2 0 4 1 1
-6421.9 4715.3 9.8 230 0 14.4 26.1 10.0 2.5 2 0 4 1 1
-6434.4 4672.1 9.7 230 0 13.7 23.4 7.5 2.5 2 0 3 4 4
-6144.4 3761.5 11.9 111 0 7.1 22.3 10.5 3.5 2 0 3 2 2
-6841.4 -4695.0 -6.2 84 0 9.8 16.7 10.5 3.5 2 0 3 2 2
-6860.1 -4692.4 -6.3 97 0 8.0 15.5 10.5 3.5 2 0 3 3 3
-5334.2 2780.6 16.3 308 0 54.1 113.6 14.0 0.0 0 1 4 5 5
-6015.6 -4224.3 -2.3 8 0 29.0 50.2 10.0 0.0 0 1 4 5 5
-5413.6 3020.0 12.3 149 0 42.7 85.6 14.0 0.0 0 1 4 3 3
-5199.8 4358.4 8.9 191 0 8.7 44.1 17.5 0.0 0 1 5 0 0
-5602.8 4688.0 -1.3 13 0 22.7 9.0 17.5 3.5 2 0 5 4 4
-5588.5 4663.1 -0.1 285 0 20.4 7.1 17.5 3.5 4 0 5 2 2
-5719.9 3824.9 8.3 56 0 27.1 31.4 7.5 0.0 0 1 3 3 3
-5509.5 4648.6 -3.4 108 0 14.2 8.3 17.5 3.5 2 0 5 0 0
-5551.8 4676.0 -1.5 194 0 33.3 9.0 17.5 3.5 2 0 5 5 5
-5602.3 3936.5 10.4 90 0 14.1 10.1 14.0 3.5 2 0 4 5 5
-4404.5 4336.9 10.8 277 0 21.2 44.7 14.0 3.5 2 1 4 5 5
-5425.7 3970.9 11.6 73 0 11.0 20.5 14.0 3.5 2 1 4 3 3
-5374.6 3956.2 11.6 287 0 14.1 16.6 14.0 3.5 2 1 4 4 4
-5356.4 2499.7 12.2 17 0 29.3 20.4 14.0 3.5 2 0 4 0 0
-5495.5 4141.9 6.8 283 0 10.9 31.3 14.0 3.5 2 1 4 0 0
-5391.6 3791.3 13.8 324 0 8.8 12.9 2.5 2.5 2 1 1 1 1
-5242.1 3712.5 14.5 279 0 16.1 27.0 12.5 2.5 2 1 5 4 4
-5254.7 3765.7 14.1 279 0 12.8 61.8 10.0 2.5 2 1 4 0 0
-5422.5 3875.6 12.1 254 0 6.5 11.2 14.0 3.5 2 1 4 1 1
-5119.9 4047.9 12.6 9 0 30.6 38.9 14.0 3.5 4 1 4 1 1
-5366.1 3898.7 11.4 15 0 10.4 12.5 14.0 3.5 2 1 4 4 4
-5405.1 3975.2 11.5 76 0 6.0 17.5 14.0 3.5 2 1 4 3 3
-5143.8 4337.0 8.2 11 0 15.5 7.9 17.5 3.5 2 0 5 0 0
-5340.3 4003.6 11.4 345 0 7.1 31.0 14.0 3.5 2 1 4 2 2
-5573.9 4685.1 -0.8 100 0 20.3 8.2 10.5 0.0 0 0 3 5 5
-5511.0 3974.0 11.4 256 0 36.8 12.6 14.0 3.5 4 0 4 0 0
-5379.8 3842.3 12.6 14 0 10.3 10.3 14.0 3.5 2 1 4 4 4
-5372.5 3871.8 11.7 17 1 14.4 10.8 14.0 3.5 2 0 4 2 2
-5485.4 4679.9 -4.7 287 0 11.1 10.9 17.5 3.5 4 0 5 4 4
-5566.9 4652.4 0.2 283 0 20.2 8.6 17.5 3.5 2 0 5 1 1
-5626.9 3937.0 10.2 92 0 11.1 12.0 14.0 3.5 2 1 4 3 3
-5535.3 4645.4 -1.5 292 0 9.6 6.6 17.5 0.0 0 0 5 1 1
-5579.7 3935.7 10.7 76 0 16.4 11.1 14.0 0.0 0 0 4 1 1
-5391.0 3816.5 12.9 48 0 7.4 23.3 14.0 3.5 2 1 4 4 4
-4995.7 4565.8 -7.4 133 0 10.9 23.6 17.5 3.5 2 1 5 0 0
-5201.7 3739.5 14.2 279 0 41.9 43.7 10.0 0.0 0 1 4 5 5
-5446.5 3970.7 11.5 164 0 11.7 11.2 14.0 0.0 0 0 4 5 5
-5539.4 3941.9 11.4 75 0 24.5 13.2 14.0 3.5 2 0 4 4 4
-5284.4 4036.0 12.0 13 0 13.9 24.2 14.0 3.5 2 1 4 2 2
-5161.2 4325.8 9.4 281 0 6.9 8.7 14.0 3.5 2 1 4 2 2
-5492.4 4021.0 11.5 249 0 19.4 11.9 5.0 2.5 2 0 2 4 4
-5374.4 2567.5 13.8 288 0 22.7 10.9 14.0 0.0 0 0 4 2 2
-4861.3 4275.0 2.1 18 0 9.6 27.6 17.5 3.5 2 1 5 4 4
-5157.2 4646.5 -8.0 201 0 17.1 6.0 14.0 3.5 2 0 4 3 3
-5040.3 4536.0 -4.3 17 0 19.9 34.6 14.0 0.0 0 1 4 1 1
-3470.0 3972.2 13.2 36 0 20.7 10.6 5.0 2.5 2 0 2 1 1
-4916.4 4651.7 -11.4 278 0 7.2 10.8 17.5 0.0 0 1 5 4 4
-4528.2 4374.5 9.0 203 0 8.5 25.9 14.0 3.5 2 1 4 2 2
-6241.6 4456.3 11.7 222 0 22.6 45.5 7.5 2.5 2 1 3 2 2
-2126.8 3381.6 -24.0 1 0 6.4 17.6 17.5 3.5 2 1 5 1 1
-4936.7 4649.3 -11.5 188 0 10.7 16.1 17.5 3.5 2 1 5 2 2
-4650.0 4372.1 2.9 197 0 15.6 65.6 14.0 3.5 2 1 4 2 2
-6202.4 4366.9 12.8 103 0 9.0 17.1 7.0 2.5 2 1 2 3 3
-4763.1 3622.6 18.8 358 0 7.7 22.8 14.0 3.5 2 1 4 0 0
-5113.9 4533.2 -1.6 283 0 6.2 9.0 14.0 3.5 2 1 4 5 5
-3540.2 3709.9 8.2 280 0 111.4 46.2 12.5 0.0 0 0 5 2 2
-4876.4 4635.0 -10.8 280 0 7.5 12.7 14.0 3.5 2 1 4 3 3
-4149.2 1265.1 18.3 309 0 8.4 104.8 7.5 0.0 0 1 3 0 0
-4609.9 4274.5 7.3 177 0 14.3 33.9 14.0 3.5 2 1 4 3 3
-5320.9 3787.8 14.6 277 0 12.2 10.6 2.5 2.5 2 0 1 4 4
-3008.8 3738.8 12.6 305 0 15.3 12.7 14.0 3.5 2 0 4 5 5
-5145.6 4720.9 -13.6 211 0 12.2 16.2 14.0 3.5 2 1 4 5 5
-4736.4 3648.6 18.0 13 0 35.2 36.1 14.0 3.5 2 1 4 4 4
-4863.2 4626.2 -10.7 10 0 12.7 10.8 14.0 3.5 2 0 4 3 3
-5260.2 2206.8 14.4 61 0 34.1 40.7 10.5 3.5 4 1 3 1 1
-5122.6 4670.6 -9.1 300 0 7.6 9.4 14.0 3.5 2 1 4 1 1
-3025.9 1793.3 17.8 164 0 8.5 6.7 7.0 2.5 2 0 2 0 0
-6197.2 4509.0 8.9 11 0 27.2 42.4 12.5 2.5 2 1 5 0 0
-3005.6 3681.2 9.5 35 0 26.0 41.0 14.0 3.5 2 1 4 3 3
-3546.5 3593.4 10.3 283 0 21.3 7.7 7.5 2.5 2 0 3 0 0
-4934.4 4561.6 -8.4 282 0 25.5 11.4 17.5 3.5 2 0 5 5 5
-4524.6 4409.0 7.1 200 0 17.5 7.7 14.0 3.5 4 0 4 1 1
-6293.7 4527.4 10.9 103 0 11.5 24.9 12.5 2.5 2 1 5 1 1
-5136.8 4697.0 -12.0 119 0 7.1 9.9 14.0 3.5 2 1 4 4 4
-2180.4 3443.4 -22.6 263 0 7.1 63.4 7.0 0.0 0 1 2 5 5
-5072.1 4519.2 -2.8 289 0 9.8 15.4 17.5 3.5 2 1 5 5 5
-4939.6 4605.6 -10.1 100 0 8.7 11.1 17.5 3.5 2 1 5 2 2
-4184.8 1350.1 18.1 106 0 30.2 31.7 10.0 0.0 0 1 4 5 5
-4918.6 4574.6 -9.1 12 0 6.6 11.3 17.5 3.5 2 1 5 5 5
-4667.2 4332.0 3.2 17 0 67.9 22.5 10.5 3.5 2 0 3 1 1
-3276.0 1222.8 15.8 115 0 42.4 107.3 5.0 0.0 0 1 2 4 4
-2711.6 3488.4 2.8 39 0 15.8 26.3 14.0 3.5 2 1 4 2 2
-4941.0 4623.7 -10.6 190 0 10.6 9.3 17.5 3.5 2 0 5 2 2
-5121.6 4644.0 -7.6 17 0 7.5 9.2 14.0 3.5 2 1 4 3 3
-4506.7 4382.0 8.1 143 0 27.1 30.3 14.0 0.0 0 1 4 0 0
-5129.1 4589.0 -4.6 200 0 8.0 21.4 17.5 0.0 0 1 5 5 5
-5069.8 4613.4 -7.0 105 0 40.2 10.2 17.5 3.5 2 0 5 5 5
-4754.1 3690.2 17.2 16 0 25.9 10.6 14.0 3.5 2 0 4 1 1
-5198.9 2202.7 16.4 206 0 14.7 59.3 7.0 0.0 0 1 2 4 4
-5119.2 4651.8 -8.0 17 0 8.8 8.0 14.0 3.5 2 0 4 2 2
-4694.7 4695.9 -13.8 11 0 33.0 39.8 14.0 0.0 0 1 4 1 1
-6250.8 4552.0 9.7 281 0 15.2 9.0 3.5 2.5 2 0 1 4 4
-6533.8 3679.4 12.6 143 0 19.5 33.0 14.0 3.5 2 1 4 0 0
-2960.4 3686.4 7.9 305 0 13.7 58.2 14.0 0.0 0 1 4 2 2
-5127.9 4597.4 -5.2 197 0 8.6 31.6 17.5 3.5 2 1 5 0 0
-4743.5 3705.3 16.7 105 0 37.7 21.3 14.0 0.0 0 0 4 1 1
-4969.9 4629.4 -9.5 279 0 9.9 21.2 17.5 3.5 2 1 5 1 1
-5257.6 2201.4 15.1 240 0 37.0 19.2 7.0 3.5 2 0 2 2 2
-3054.0 3392.1 -4.7 37 0 8.5 38.3 14.0 3.5 2 1 4 1 1
-4907.1 4630.7 -11.4 10 0 38.3 9.2 17.5 3.5 2 0 5 3 3
-4669.0 4310.4 5.5 197 0 19.1 29.0 14.0 3.5 2 1 4 5 5
-4653.2 4378.5 1.6 17 0 14.6 22.6 10.5 0.0 0 1 3 3 3
-5135.8 4681.6 -10.1 297 0 8.9 7.9 14.0 3.5 2 0 4 5 5
-4939.0 4635.3 -11.0 190 0 10.2 8.7 17.5 3.5 2 0 5 2 2
-4615.3 4254.1 9.5 225 0 32.7 24.9 7.0 3.5 2 0 2 3 3
-6276.3 4421.6 12.4 283 0 15.9 7.6 10.5 2.5 2 0 3 3 3
-4739.3 3617.5 18.3 337 0 16.1 77.7 14.0 3.5 2 1 4 4 4
-5350.6 3787.9 14.5 191 0 11.2 10.0 10.0 2.5 4 0 4 1 1
-4499.1 4594.7 -3.0 107 0 19.3 28.8 14.0 3.5 4 1 4 3 3
-3678.8 3993.1 10.4 42 0 6.9 44.4 12.5 2.5 2 1 5 3 3
-4988.0 4555.6 -6.7 132 1 10.2 11.9 17.5 3.5 2 1 5 4 4
-4316.8 1759.7 14.9 201 0 8.1 25.9 7.0 2.5 2 1 2 4 4
-4969.2 4634.3 -10.2 100 0 9.9 11.0 17.5 3.5 2 1 5 2 2
-5204.5 2140.2 16.0 285 0 88.7 34.3 7.0 0.0 0 0 2 5 5
-5318.8 3979.4 12.3 104 0 6.5 7.5 14.0 0.0 0 1 4 1 1
-5320.7 3993.3 12.2 194 0 11.0 8.4 14.0 3.5 2 0 4 0 0
-5310.1 4015.4 12.1 284 0 6.5 7.2 14.0 3.5 2 1 4 4 4
-5339.5 3914.2 12.4 192 0 10.2 9.5 14.0 3.5 2 0 4 0 0
-5113.5 4632.7 -6.8 196 0 6.3 9.4 7.0 3.5 2 1 2 0 0
-5111.8 4621.4 -6.7 106 0 9.4 7.3 7.0 3.5 2 0 2 0 0
-5944.5 3085.9 13.1 223 0 14.2 40.6 14.0 3.5 2 1 4 4 4
-5337.2 3924.8 12.4 192 0 9.9 17.7 14.0 3.5 2 1 4 0 0
-5321.2 3962.9 12.5 283 0 7.6 15.7 14.0 3.5 2 1 4 0 0
4237.6 -2589.6 -26.9 119 0 6.9 8.8 5.0 2.5 2 1 2 2 2
4275.9 -2633.0 -27.0 119 0 22.1 16.3 12.5 2.5 2 0 5 0 0
-5099.7 4649.2 -7.5 283 0 12.2 8.9 17.5 3.5 2 0 5 2 2
-5889.0 3071.7 13.5 207 0 26.2 13.6 10.5 3.5 2 0 3 3 3
-5087.4 4646.6 -7.6 282 0 13.0 8.1 17.5 3.5 2 0 5 3 3
-5098.8 4617.4 -6.8 107 0 12.8 8.6 17.5 3.5 2 0 5 5 5
-5898.0 3054.5 13.2 211 0 9.6 10.7 10.5 3.5 2 1 3 4 4
-5076.6 4649.8 -7.9 283 0 6.4 9.1 10.5 3.5 2 1 3 1 1
-5838.7 3086.9 15.3 210 0 8.0 13.7 10.5 3.5 2 1 3 0 0
-5808.8 3164.8 14.5 35 0 8.8 27.1 14.0 0.0 0 1 4 0 0
-5069.4 4648.0 -7.9 284 0 8.6 7.7 17.5 3.5 2 0 5 2 2
-5195.6 4785.7 -19.5 133 0 26.7 15.7 17.5 3.5 2 0 5 1 1
-5218.6 4817.1 -19.6 220 0 7.7 16.7 17.5 3.5 2 1 5 5 5
-5199.6 4905.4 -28.2 162 0 8.2 12.3 14.0 3.5 2 1 4 1 1
-3478.3 2795.1 4.9 347 0 10.7 30.5 14.0 3.5 2 1 4 3 3
-3484.6 2816.9 4.5 357 0 15.2 7.4 14.0 3.5 2 0 4 5 5
-3496.9 2932.0 0.8 191 0 12.1 8.0 14.0 3.5 2 0 4 2 2
-3349.9 2867.0 -1.4 21 0 14.3 58.0 10.5 3.5 2 1 3 0 0
-3472.8 2860.7 2.6 16 0 9.2 27.1 14.0 3.5 2 1 4 2 2
-3467.1 2894.7 0.2 15 0 11.1 12.6 14.0 3.5 2 1 4 3 3
-3408.3 2910.0 -0.8 189 0 11.4 23.9 10.5 3.5 2 1 3 5 5
-3393.3 2827.7 1.4 281 0 7.2 74.9 14.0 0.0 0 1 4 0 0
-3515.4 2861.2 2.2 186 0 42.7 9.3 14.0 3.5 4 0 4 2 2
-3229.6 2779.9 -4.3 16 0 43.8 43.9 14.0 0.0 0 1 4 0 0
-3492.3 2729.7 4.5 82 0 49.3 12.7 14.0 3.5 2 0 4 0 0
-3443.9 2969.7 0.2 11 0 6.8 34.3 14.0 3.5 2 1 4 2 2
-3411.2 2724.9 0.7 247 0 14.3 88.7 14.0 0.0 0 1 4 1 1
-3415.4 2926.1 -1.0 10 0 12.1 23.1 14.0 0.0 0 1 4 2 2
-3429.7 2966.9 -2.0 237 0 7.4 39.1 14.0 0.0 0 1 4 3 3
-5124.8 4549.5 -2.7 103 0 13.9 6.8 17.5 3.5 2 0 5 1 1
-5132.7 4579.3 -4.4 200 0 12.8 44.3 17.5 3.5 2 1 5 0 0
-5137.1 4566.6 -3.6 198 0 14.0 35.3 17.5 3.5 2 1 5 5 5
-1952.7 3101.4 -29.2 238 0 7.2 12.9 10.0 2.5 2 1 4 5 5
-1873.6 3008.4 -28.8 227 0 7.5 20.9 17.5 3.5 2 1 5 5 5
-1889.8 3024.9 -28.9 46 0 13.8 16.4 17.5 3.5 2 1 5 0 0
-4894.6 4620.5 -10.9 192 0 35.9 11.4 14.0 0.0 0 0 4 3 3
-5366.5 4057.0 11.4 347 0 6.5 15.2 14.0 3.5 2 1 4 1 1
-5324.3 4091.9 11.0 347 0 6.7 59.3 14.0 3.5 2 1 4 0 0
-2582.5 3673.7 -10.3 133 0 50.2 22.8 14.0 3.5 2 0 4 0 0
-1613.7 1932.2 -4.9 268 0 8.5 11.5 12.5 0.0 0 1 5 0 0
-1631.9 1854.9 -5.6 166 0 9.9 42.7 10.0 0.0 0 1 4 5 5
-1655.9 1990.8 -1.7 172 0 19.5 10.6 2.5 2.5 2 0 1 1 1
-1108.3 -955.2 -23.5 301 0 9.9 8.2 2.5 2.5 2 0 1 3 3
-5252.5 4762.9 -15.0 124 0 10.3 12.7 17.5 3.5 2 1 5 4 4
-5352.2 3867.3 12.7 191 0 21.4 15.9 14.0 3.5 2 0 4 5 5
-5223.2 4811.5 -18.8 220 0 6.8 21.5 17.5 3.5 2 1 5 4 4
-5352.6 3941.4 11.7 15 0 16.6 18.2 14.0 3.5 2 1 4 2 2
-5172.7 4364.2 8.2 191 0 11.2 21.6 17.5 0.0 0 1 5 2 2
-5151.3 4711.4 -12.7 211 0 10.0 16.2 14.0 3.5 2 1 4 0 0
-5279.1 4775.7 -14.1 212 0 6.0 10.2 17.5 3.5 2 1 5 5 5
-5271.2 4740.0 -13.1 308 0 14.3 17.9 17.5 3.5 2 1 5 4 4
-5079.6 4656.2 -9.0 100 0 9.7 8.5 17.5 3.5 4 0 5 3 3
-5107.9 4685.5 -11.7 31 0 9.9 27.3 14.0 3.5 4 1 4 0 0
-5058.3 4671.4 -10.4 10 0 9.6 18.3 17.5 3.5 2 1 5 5 5
-5263.1 4762.1 -13.7 298 0 8.5 19.2 14.0 3.5 2 1 4 5 5
-5261.5 4775.8 -14.9 38 0 13.2 9.6 17.5 3.5 2 0 5 1 1
-4954.0 4674.1 -13.7 100 0 9.0 6.9 17.5 0.0 0 0 5 1 1
-5448.7 4581.6 -9.7 296 0 9.2 15.6 14.0 3.5 2 1 4 0 0
-5413.8 4611.4 -11.1 296 0 9.2 14.6 14.0 3.5 2 1 4 3 3
-5440.1 4552.1 -9.3 206 0 9.3 15.0 14.0 3.5 2 1 4 5 5
-5456.3 4607.2 -8.5 207 0 15.3 9.0 17.5 3.5 2 0 5 3 3
-5423.5 4572.5 -11.9 117 0 14.6 9.6 14.0 3.5 2 0 4 0 0
-5441.4 4623.8 -8.7 294 0 9.1 14.5 17.5 3.5 2 1 5 0 0
-5435.7 4581.1 -10.9 117 0 15.0 8.8 14.0 3.5 4 0 4 3 3
-4001.0 3590.3 9.7 268 0 6.1 9.4 7.5 2.5 4 1 3 3 3
-1636.1 2545.7 -22.6 67 0 26.4 58.2 14.0 0.0 0 1 4 3 3
-2071.5 3211.6 -29.1 155 0 16.3 16.7 10.0 2.5 4 1 4 3 3
-1410.0 2483.6 -26.1 68 0 20.2 8.3 14.0 3.5 4 0 4 1 1
-1809.0 2813.4 -18.4 53 0 17.8 37.2 17.5 3.5 2 1 5 0 0
-1527.5 2664.9 -25.1 331 0 25.4 19.9 14.0 0.0 0 0 4 4 4
-1889.5 2933.4 -25.5 220 0 45.1 19.5 14.0 3.5 4 0 4 0 0
-1568.5 2663.8 -26.0 336 0 30.4 43.2 14.0 0.0 0 1 4 5 5
-1902.3 2870.4 -15.7 142 0 10.6 11.7 17.5 0.0 0 1 5 0 0
-1927.6 2907.2 -21.9 37 0 9.0 20.4 14.0 3.5 2 1 4 2 2
-1592.9 2536.1 -22.8 68 0 16.0 27.2 14.0 0.0 0 1 4 5 5
-5036.3 -6151.0 -12.1 16 0 94.0 85.9 10.0 0.0 0 0 4 2 2
5630.4 -8099.3 -12.9 110 0 23.1 14.3 10.0 2.5 2 0 4 5 5
184.4 -1521.7 -21.8 291 0 14.7 82.4 10.0 0.0 0 1 4 3 3
-5032.1 2109.3 17.1 16 0 18.7 34.2 14.0 0.0 0 1 4 1 1
-5089.1 2116.2 15.8 286 0 29.4 32.0 14.0 0.0 0 1 4 2 2
-5471.1 1595.3 15.3 51 0 27.4 50.3 10.5 0.0 0 1 3 0 0
-5550.8 1513.2 13.3 100 0 79.0 65.0 10.5 0.0 0 0 3 5 5
-5504.6 1499.5 13.9 274 0 8.2 118.3 10.5 0.0 0 1 3 2 2
-5418.3 1633.8 14.2 102 0 6.8 47.8 10.5 3.5 2 1 3 1 1
-5483.1 1583.6 14.9 25 0 6.7 50.1 10.5 3.5 2 1 3 1 1
-5621.4 1343.7 13.9 148 0 12.9 23.8 14.0 3.5 2 1 4 5 5
-6590.2 2957.1 8.2 207 0 74.6 16.3 14.0 3.5 2 0 4 3 3
-4588.0 4350.2 7.4 197 0 9.4 22.1 14.0 3.5 2 1 4 0 0
4858.2 -2718.0 -24.3 166 0 12.9 6.6 10.5 2.5 2 0 3 5 5
4870.5 -2705.2 -24.5 167 0 20.3 7.6 7.0 2.5 2 0 2 0 0
-3191.9 2031.8 16.7 149 0 200.2 20.3 12.5 0.0 0 0 5 4 4
-3181.0 1968.1 15.7 330 0 254.9 21.1 12.5 0.0 0 0 5 3 3
-3135.7 1891.6 16.5 330 0 76.5 21.6 7.5 0.0 0 0 3 4 4
-438.2 -2114.5 -25.9 152 0 13.9 29.3 12.5 2.5 2 1 5 5 5
-483.5 -2069.8 -25.7 243 0 23.9 27.4 7.5 0.0 0 1 3 3 3
-372.3 -2392.1 -25.4 331 0 13.9 18.9 7.5 2.5 4 1 3 1 1
-426.6 -2421.1 -26.6 153 0 28.7 35.9 10.0 0.0 0 1 4 5 5
-351.2 -2359.8 -25.0 244 0 13.1 30.7 10.0 2.5 2 1 4 5 5
372.9 -1808.3 -23.2 100 0 12.0 40.6 7.5 0.0 0 1 3 0 0
389.7 -1817.9 -22.4 99 0 19.8 16.5 10.0 2.5 4 0 4 2 2
375.5 -1694.4 -23.2 279 0 19.7 61.1 12.5 2.5 2 1 5 2 2
352.2 -1711.4 -23.0 279 0 18.3 41.1 7.5 0.0 0 1 3 0 0
404.6 -1742.4 -23.2 280 0 10.9 28.0 7.5 0.0 0 1 3 4 4
403.5 -1714.7 -23.0 9 0 54.2 20.9 7.5 2.5 4 0 3 2 2
4573.4 -2026.5 -24.0 140 0 8.9 53.3 12.5 0.0 0 1 5 3 3
4628.5 -1998.9 -23.9 139 0 16.8 8.6 5.0 2.5 2 0 2 3 3
4468.1 -2042.5 -22.8 131 0 18.9 23.8 10.0 0.0 0 1 4 4 4
4436.8 -2002.2 -23.8 117 0 10.8 45.6 12.5 0.0 0 1 5 1 1
4537.6 -2031.2 -22.8 133 0 28.0 14.4 7.5 2.5 2 0 3 2 2
4150.8 -2684.1 -25.7 111 0 12.8 54.5 10.0 2.5 2 1 4 5 5
4463.0 -2356.1 -25.1 121 0 9.3 12.8 5.0 2.5 2 1 2 2 2
4117.2 -2439.3 -24.1 90 0 11.0 23.4 10.0 0.0 0 1 4 5 5
5254.6 -2737.9 -27.5 220 0 38.9 162.4 10.0 0.0 0 1 4 4 4
5428.5 -2852.7 -25.8 129 0 10.3 15.9 7.0 2.5 2 1 2 4 4
5437.8 -2838.0 -26.1 130 0 13.9 21.3 7.5 2.5 2 1 3 1 1
-1885.9 1301.2 1.2 105 0 8.1 8.1 2.5 2.5 2 1 1 2 2
-1874.3 1298.0 1.1 105 0 7.5 8.2 5.0 2.5 2 1 2 5 5
-1934.8 1325.7 1.5 286 0 8.2 9.2 5.0 2.5 2 1 2 5 5
-1849.2 1298.4 1.0 9 0 9.2 8.4 2.5 2.5 2 0 1 2 2
-1865.1 1295.8 1.0 105 0 8.4 9.0 7.5 0.0 0 1 3 3 3
-1927.6 1314.3 1.4 107 0 8.4 9.0 5.0 2.5 2 1 2 1 1
-4332.4 -3668.8 5.5 178 0 64.7 107.2 7.5 0.0 0 1 3 4 4
-3870.5 -3387.7 15.6 64 0 13.7 114.8 10.0 0.0 0 1 4 3 3
-4177.4 -3800.6 6.1 105 0 61.1 54.0 12.5 0.0 0 0 5 2 2
-4226.3 -3870.1 5.1 105 0 24.4 60.8 7.5 2.5 2 1 3 3 3
-6293.2 1163.9 7.5 249 0 62.9 62.4 14.0 0.0 0 0 4 2 2
2131.5 -2958.0 -19.7 105 0 44.6 31.8 10.0 0.0 0 0 4 2 2
-6944.6 5026.7 -4.2 177 0 14.3 16.4 5.0 2.5 2 1 2 1 1
-6913.1 4989.1 -2.0 266 0 14.8 14.5 5.0 2.5 2 0 2 5 5
-6865.3 5019.1 -4.8 100 0 28.1 19.4 5.0 2.5 2 0 2 3 3
-6678.2 4996.8 -4.0 6 0 14.9 27.3 5.0 0.0 0 1 2 5 5
-6742.0 4992.7 -5.3 97 0 11.9 24.2 5.0 2.5 2 1 2 4 4
-6757.8 4995.6 -5.1 98 0 13.0 22.8 5.0 2.5 2 1 2 3 3
-6739.5 4976.4 -1.6 278 0 13.8 42.3 5.0 0.0 0 1 2 2 2
-6717.5 4962.6 -0.1 281 0 15.7 17.3 5.0 2.5 2 1 2 3 3
-6680.2 4941.7 2.4 283 0 12.1 26.8 5.0 2.5 2 1 2 0 0
-6644.9 4957.0 1.3 281 0 13.1 16.7 5.0 0.0 0 1 2 4 4
-6645.5 4984.5 -2.3 98 0 12.1 12.6 5.0 2.5 2 1 2 2 2
-6614.9 4978.0 -2.0 101 0 6.7 16.4 5.0 2.5 4 1 2 1 1
-6591.1 4975.1 -1.0 101 0 22.2 12.2 5.0 2.5 2 0 2 2 2
-6616.7 4949.4 2.4 282 0 12.4 10.9 5.0 2.5 2 0 2 2 2
-6598.2 4934.0 3.0 283 0 20.6 16.5 5.0 2.5 2 0 2 5 5
-6570.8 4970.6 -1.7 101 0 11.1 22.9 5.0 2.5 2 1 2 3 3
-6550.8 4925.3 2.5 304 0 15.5 12.2 5.0 2.5 2 0 2 3 3
-6518.1 4946.0 -0.3 120 0 12.8 13.0 5.0 2.5 2 1 2 4 4
-6462.2 4893.0 0.4 52 0 10.7 23.7 5.0 2.5 2 1 2 5 5
-6504.1 4832.1 6.0 69 0 17.1 18.1 5.0 2.5 2 1 2 1 1
-6504.8 4861.7 5.2 337 0 15.6 9.9 5.0 0.0 0 0 2 0 0
-6514.2 4892.4 3.8 320 0 14.8 21.8 5.0 2.5 2 1 2 2 2
-6524.2 4914.2 2.7 312 0 13.3 15.7 5.0 2.5 2 1 2 4 4
-6926.8 5134.2 -15.3 281 0 13.0 13.4 5.0 2.5 2 1 2 5 5
-6761.3 5089.4 -12.4 285 0 15.3 46.3 5.0 2.5 2 1 2 1 1
-6717.8 5067.2 -9.7 283 0 24.0 16.9 5.0 2.5 2 0 2 4 4
-6666.4 5056.6 -10.4 10 0 11.3 19.2 5.0 2.5 2 1 2 2 2
-6647.7 5027.7 -5.9 188 0 8.4 15.6 5.0 2.5 2 1 2 4 4
-6634.0 5062.9 -9.7 279 0 15.7 16.0 5.0 2.5 2 1 2 5 5
-6609.0 5059.6 -8.2 277 0 7.4 18.4 5.0 2.5 2 1 2 5 5
-6589.7 5031.9 -5.0 280 0 15.8 6.9 5.0 2.5 2 0 2 1 1
-6598.7 5057.1 -8.1 189 0 8.2 18.4 5.0 2.5 2 1 2 4 4
-6568.9 5052.1 -7.5 189 0 12.7 20.8 5.0 2.5 2 1 2 1 1
-6523.9 5085.2 -13.8 265 0 19.2 24.5 5.0 2.5 2 1 2 1 1
-6450.1 5081.4 -15.0 293 0 20.9 18.7 5.0 2.5 2 0 2 5 5
-6414.5 5069.6 -14.5 295 0 12.1 15.3 5.0 2.5 4 1 2 3 3
-6432.7 4964.5 -4.7 28 0 21.7 12.7 5.0 2.5 2 0 2 0 0
-6410.2 5005.5 -8.7 28 0 18.4 14.2 5.0 2.5 2 0 2 3 3
-6423.0 4986.5 -6.6 27 0 16.7 14.6 5.0 2.5 2 0 2 0 0
-6441.5 4942.6 -2.4 27 0 16.5 12.2 5.0 2.5 2 0 2 4 4
-6389.1 4980.3 -7.2 232 0 13.8 30.1 5.0 2.5 2 1 2 4 4
-6419.4 4924.8 -2.1 209 0 11.4 10.4 5.0 2.5 2 0 2 0 0
-6432.1 4895.0 0.4 208 0 8.9 19.8 5.0 2.5 2 1 2 4 4
-6450.3 4838.4 3.8 182 0 18.1 13.6 5.0 2.5 2 0 2 0 0
-6340.4 4801.5 2.0 209 0 26.6 10.4 5.0 2.5 2 0 2 4 4
-6325.1 4838.2 -4.3 207 0 22.8 28.6 5.0 2.5 2 1 2 0 0
-6283.7 4794.2 -0.9 117 0 27.2 17.6 5.0 2.5 2 0 2 2 2
-6948.8 4877.1 0.9 195 0 10.4 6.9 5.0 2.5 2 0 2 4 4
-6874.5 4940.9 -0.6 101 0 10.8 15.3 5.0 2.5 2 1 2 5 5
-6619.0 4798.2 8.8 173 0 17.0 26.4 5.0 2.5 2 1 2 1 1
-6530.2 4742.6 7.7 254 0 17.4 13.4 5.0 0.0 0 0 2 5 5
-6504.8 4694.5 8.7 295 0 33.9 28.6 5.0 0.0 0 0 2 1 1
-6560.2 4775.6 7.8 110 0 12.6 13.2 5.0 2.5 2 1 2 5 5
-6503.0 4798.1 7.9 23 0 15.3 18.0 7.5 0.0 0 1 3 5 5
-6637.5 4800.2 9.0 297 0 13.2 21.1 5.0 2.5 2 1 2 2 2
-6677.9 4800.1 7.9 298 0 15.4 18.7 5.0 2.5 2 1 2 3 3
-6656.1 4815.5 10.0 27 0 13.7 12.9 5.0 2.5 2 0 2 0 0
-6643.7 4822.7 9.6 202 0 7.9 13.1 5.0 2.5 2 1 2 2 2
-6577.0 4746.3 7.2 304 0 12.1 12.9 5.0 2.5 2 1 2 5 5
-6544.3 4722.2 7.6 237 0 11.1 9.9 5.0 2.5 2 0 2 2 2
-6554.9 4717.8 7.3 257 0 12.3 10.7 5.0 2.5 2 0 2 4 4
-6606.0 4735.8 6.9 300 0 17.9 11.8 5.0 2.5 2 0 2 3 3
-6692.3 4770.8 7.1 117 0 11.8 11.7 5.0 2.5 4 0 2 4 4
-6528.5 4756.9 7.6 77 0 10.7 9.3 5.0 2.5 2 0 2 5 5
-6576.5 4762.2 7.7 112 0 9.3 9.5 5.0 2.5 2 1 2 3 3
-6532.1 4786.5 7.9 23 0 12.0 11.5 5.0 2.5 4 0 2 1 1
-6924.8 3752.5 15.6 134 0 8.9 10.8 7.0 3.5 2 1 2 4 4
-6693.8 947.5 -7.0 199 0 13.6 22.3 7.0 3.5 2 1 2 2 2
-6472.2 1085.5 3.3 314 0 10.1 13.6 7.0 3.5 2 1 2 5 5
-6538.7 1025.6 -0.6 318 0 9.3 12.9 7.0 0.0 0 1 2 3 3
-6582.1 994.6 -1.9 331 0 9.1 7.3 7.0 0.0 0 0 2 5 5
-6619.2 958.2 -5.4 138 0 6.8 12.8 7.0 3.5 2 1 2 0 0
-6619.7 1325.0 5.9 302 0 19.0 16.5 17.5 3.5 2 0 5 1 1
-6670.8 1255.1 6.2 37 0 16.0 22.5 17.5 3.5 4 1 5 5 5
-6141.1 1335.0 11.1 116 0 9.7 12.3 5.0 2.5 2 1 2 5 5
-5971.1 1372.1 11.3 73 1 14.3 15.5 14.0 3.5 4 1 4 3 3
-5958.1 1380.2 11.4 73 1 11.0 13.9 14.0 3.5 4 1 4 1 1
-5944.6 1384.9 11.5 71 1 10.5 17.7 14.0 3.5 2 1 4 5 5
-5966.8 1416.5 10.9 164 1 16.8 11.0 14.0 3.5 2 0 4 1 1
-5967.8 1440.4 10.6 200 1 10.2 12.2 14.0 3.5 2 1 4 5 5
-5948.6 1475.3 10.1 293 1 12.2 13.2 14.0 3.5 2 1 4 0 0
-5995.5 1334.6 11.1 252 0 19.2 16.3 14.0 3.5 2 0 4 4 4
-6013.8 1320.4 11.0 162 1 14.5 10.2 14.0 3.5 2 0 4 0 0
-5267.0 1497.1 19.0 256 0 12.6 31.8 14.0 3.5 2 1 4 3 3
-4971.0 1509.9 22.8 183 0 56.9 49.9 10.5 0.0 0 0 3 1 1
-4865.1 1676.4 22.5 64 1 10.8 16.3 14.0 3.5 4 1 4 0 0
-4579.6 1794.6 18.6 152 0 6.1 9.0 14.0 3.5 2 1 4 5 5
-4471.1 1905.1 18.0 301 0 11.6 9.6 14.0 3.5 2 0 4 2 2
-4378.7 1924.4 16.4 297 0 13.1 6.3 5.0 0.0 0 0 2 1 1
-4404.8 1914.2 16.4 206 0 7.0 13.4 7.0 2.5 2 1 2 3 3
-4416.7 1903.8 16.5 209 0 6.7 10.2 7.0 2.5 2 1 2 2 2
-4413.8 1909.1 16.5 234 0 6.1 10.8 7.5 2.5 2 1 3 1 1
-4436.9 1925.3 17.9 65 0 7.4 10.8 10.5 3.5 2 1 3 4 4
-4366.1 1968.0 18.3 119 0 10.7 10.9 5.0 2.5 2 1 2 5 5
-4348.3 1975.6 18.4 61 0 10.7 8.1 5.0 2.5 2 0 2 0 0
-4338.2 1948.4 16.7 241 0 10.5 9.0 5.0 2.5 2 0 2 1 1
-4303.1 2005.1 18.1 333 0 8.5 7.7 5.0 2.5 2 0 2 0 0
-4036.5 2104.2 12.0 334 0 10.3 9.3 5.0 2.5 2 0 2 0 0
-4051.5 2103.4 12.1 244 0 6.5 11.9 7.5 2.5 2 1 3 0 0
-4050.7 2137.8 13.7 59 0 16.8 12.2 5.0 2.5 4 0 2 2 2
-3980.1 2183.2 14.4 155 0 12.5 13.9 2.5 2.5 2 1 1 0 0
-3966.9 2149.0 12.9 245 0 9.6 10.5 5.0 0.0 0 1 2 1 1
-3957.9 2153.4 13.0 243 0 9.0 10.2 5.0 2.5 2 1 2 1 1
-3887.9 2243.2 13.4 333 0 12.5 21.5 10.0 2.5 2 1 4 5 5
-3925.1 2205.6 14.2 153 0 12.8 7.4 2.5 2.5 2 0 1 0 0
-3918.6 2209.0 14.2 153 0 12.8 6.1 5.0 2.5 2 0 2 0 0
-3843.0 2212.6 10.6 243 0 7.5 10.5 5.0 2.5 2 1 2 2 2
-3723.3 2305.6 8.4 333 0 9.8 6.5 5.0 2.5 2 0 2 3 3
-3316.6 2481.0 -1.1 239 0 9.9 14.7 14.0 3.5 4 1 4 0 0
-2934.1 2767.6 7.1 341 0 10.3 11.0 14.0 3.5 4 1 4 3 3
-2974.9 2748.9 8.6 160 0 10.0 6.2 14.0 3.5 2 0 4 2 2
-2802.9 2824.8 3.7 35 1 11.6 10.1 14.0 0.0 0 0 4 5 5
-2500.8 2955.5 -9.3 227 0 8.5 8.8 17.5 3.5 2 1 5 3 3
-2517.0 2942.1 -8.6 229 0 6.5 9.5 17.5 3.5 2 1 5 0 0
-2511.0 2962.2 -9.2 41 0 7.5 21.9 17.5 3.5 2 1 5 5 5
-2471.8 2973.4 -9.7 321 0 20.1 8.6 17.5 3.5 2 0 5 4 4
-2478.3 3009.6 -9.4 312 0 15.2 8.7 17.5 3.5 2 0 5 2 2
-2464.8 2995.1 -10.7 228 0 21.9 33.7 14.0 3.5 2 1 4 2 2
-2471.8 3015.5 -10.3 132 0 11.7 9.5 14.0 3.5 2 0 4 3 3
-2402.4 3090.6 -13.6 228 0 7.2 11.1 14.0 3.5 2 1 4 2 2
-2355.4 3123.0 -15.2 308 0 14.1 8.9 17.5 3.5 2 0 5 1 1
-2337.3 3134.3 -15.2 39 0 16.8 9.2 17.5 3.5 2 0 5 2 2
-2233.6 3184.1 -16.7 50 0 9.2 9.6 14.0 3.5 2 1 4 3 3
-2310.6 3126.4 -15.8 244 0 7.2 16.9 17.5 3.5 2 1 5 4 4
-2316.8 3117.4 -15.7 243 0 7.8 17.7 17.5 3.5 2 1 5 4 4
-2253.5 3156.0 -17.2 238 0 7.3 9.6 17.5 3.5 2 1 5 3 3
-2253.8 3168.1 -16.7 57 0 6.5 10.7 14.0 3.5 2 1 4 5 5
-2276.7 3151.8 -16.5 60 0 7.9 9.6 14.0 3.5 2 1 4 4 4
-2277.0 3144.2 -16.6 243 0 9.1 10.6 17.5 3.5 4 1 5 4 4
-2441.8 3192.5 -13.5 123 0 7.1 10.0 17.5 3.5 2 1 5 0 0
-2431.3 3185.9 -13.5 121 0 7.0 9.7 17.5 3.5 2 1 5 5 5
-2423.6 3181.2 -13.7 122 0 11.1 9.9 17.5 3.5 2 0 5 3 3
-2411.3 3173.3 -13.9 123 0 7.9 11.7 17.5 3.5 2 1 5 0 0
-2393.3 3161.7 -14.3 123 0 6.1 10.9 17.5 0.0 0 1 5 3 3
-2360.0 3150.0 -15.0 211 0 14.2 9.3 17.5 3.5 2 0 5 2 2
-2362.0 3154.4 -14.7 30 0 18.9 10.8 17.5 3.5 2 0 5 2 2
-3059.0 3835.8 12.3 36 1 18.8 10.5 14.0 3.5 2 0 4 0 0
-3043.0 3814.4 12.6 218 1 13.7 10.2 14.0 3.5 2 0 4 2 2
-3664.0 3939.6 12.9 191 0 16.1 10.7 2.5 2.5 2 0 1 5 5
-3639.8 3894.9 12.6 195 0 13.2 13.1 5.0 2.5 2 0 2 3 3
-3654.5 3898.1 12.6 16 0 9.0 12.8 5.0 2.5 2 1 2 3 3
-3567.1 3886.5 12.4 282 0 15.8 10.8 2.5 2.5 4 0 1 4 4
-3637.8 3926.4 12.7 102 0 6.0 15.2 2.5 2.5 2 1 1 0 0
-3570.1 3919.9 12.6 99 0 7.1 12.4 7.5 0.0 0 1 3 3 3
-4364.7 3641.5 9.7 1 0 9.9 29.0 7.5 2.5 2 1 3 5 5
-4364.7 3616.6 10.1 1 0 9.5 28.8 7.5 2.5 2 1 3 4 4
-4368.3 3592.9 10.6 1 0 7.6 12.0 5.0 2.5 2 1 2 4 4
-4061.6 3842.8 7.8 86 0 6.8 12.5 7.5 2.5 2 1 3 2 2
-4054.6 3843.6 8.0 81 0 7.3 12.5 5.0 0.0 0 1 2 5 5
-4066.1 3807.4 7.4 352 0 13.9 12.5 5.0 2.5 2 0 2 3 3
-4047.3 3808.7 8.4 174 0 10.8 11.2 2.5 2.5 2 1 1 0 0
-4151.0 4005.0 4.5 24 1 13.7 13.9 14.0 3.5 2 1 4 3 3
-4160.6 4035.9 3.3 297 0 15.0 25.0 14.0 3.5 2 1 4 0 0
-4034.1 3991.5 5.2 284 0 16.3 12.8 7.5 2.5 2 0 3 3 3
-4086.8 4059.5 -1.2 194 0 8.6 9.4 7.5 2.5 2 1 3 0 0
-4756.6 4334.3 3.3 9 1 11.5 12.4 17.5 3.5 2 1 5 3 3
-4739.8 4292.1 7.5 193 1 12.3 12.7 14.0 3.5 2 1 4 2 2
-4719.2 4471.7 -5.4 189 1 13.0 14.7 14.0 3.5 4 1 4 4 4
-4704.5 4551.6 -6.5 188 0 15.0 21.3 14.0 3.5 2 1 4 0 0
-4700.5 4231.6 10.2 58 0 10.0 9.9 14.0 3.5 2 0 4 0 0
-4621.8 3950.9 15.0 15 1 10.1 17.2 14.0 3.5 2 1 4 1 1
-4594.7 3962.7 15.3 103 1 12.5 11.1 14.0 3.5 2 0 4 5 5
-4645.6 3887.3 16.7 16 1 10.4 10.3 14.0 3.5 2 0 4 5 5
-4615.3 3912.7 16.2 195 0 6.8 18.2 5.0 2.5 2 1 2 5 5
-5090.5 3823.1 14.7 187 0 19.2 23.7 14.0 0.0 0 1 4 0 0
-4920.3 3829.3 15.5 284 1 12.2 11.8 14.0 3.5 2 0 4 3 3
-5111.2 3592.7 15.4 9 0 6.0 19.2 2.5 2.5 2 1 1 3 3
-5130.5 3514.0 16.4 93 0 8.9 10.7 5.0 0.0 0 1 2 5 5
-6193.6 1967.5 10.1 29 0 18.9 25.6 14.0 3.5 4 1 4 2 2
-6213.1 1846.7 10.5 31 0 8.3 9.4 10.5 3.5 2 1 3 1 1
-6196.6 1845.5 11.1 35 0 9.0 19.3 10.5 0.0 0 1 3 4 4
-6193.6 1843.5 11.1 216 1 10.9 12.9 14.0 3.5 2 1 4 3 3
-6175.2 1837.2 11.1 303 1 11.9 10.9 14.0 3.5 2 0 4 0 0
-6310.1 2228.2 5.5 60 0 13.9 12.1 5.0 2.5 2 0 2 2 2
-6266.5 2233.8 7.4 220 1 14.8 16.3 14.0 3.5 2 1 4 2 2
-6637.0 2089.1 -1.1 48 1 12.1 17.6 14.0 3.5 2 1 4 4 4
-6700.9 2175.5 -4.4 43 1 13.2 10.9 14.0 3.5 2 0 4 5 5
-6658.7 2236.9 -5.0 313 0 19.5 14.7 14.0 3.5 2 0 4 3 3
-6631.6 2213.0 -3.3 225 1 13.3 13.5 14.0 3.5 2 1 4 1 1
-5912.9 2647.8 4.3 311 1 12.7 14.9 14.0 3.5 4 1 4 4 4
-5659.4 2867.3 10.0 58 0 14.2 18.0 14.0 3.5 2 1 4 3 3
-5612.9 2894.0 10.5 48 1 11.1 11.7 14.0 3.5 2 1 4 0 0
-5517.4 2936.2 12.2 225 1 11.3 11.7 14.0 3.5 2 1 4 0 0
-5535.0 2968.9 12.0 136 1 12.4 11.0 14.0 3.5 2 0 4 5 5
-4843.7 4401.2 -1.5 266 1 10.2 17.5 17.5 3.5 4 1 5 1 1
-4817.1 4421.7 -1.4 188 1 10.6 11.5 17.5 3.5 2 1 5 4 4
-3709.9 3699.1 11.0 13 0 12.3 18.8 5.0 2.5 2 1 2 5 5
-3668.2 3681.3 10.5 102 0 16.8 30.8 10.0 2.5 2 1 4 0 0
-3709.2 3663.2 10.8 284 0 7.1 9.9 2.5 2.5 2 1 1 4 4
-3678.0 3658.5 10.4 282 0 7.2 11.1 2.5 0.0 0 1 1 3 3
-4155.4 3684.8 8.0 89 0 8.5 9.4 5.0 2.5 2 1 2 0 0
-4143.4 3652.0 9.1 272 0 10.7 10.4 2.5 2.5 2 0 1 4 4
-6578.6 4863.2 6.1 98 0 7.7 17.4 5.0 2.5 2 1 2 1 1
-6856.3 4915.0 0.7 99 0 11.5 14.4 7.5 2.5 4 1 3 3 3
-6552.2 4824.9 8.5 301 0 15.7 14.4 2.5 2.5 2 0 1 2 2
-6603.3 4838.2 8.9 298 0 15.2 7.9 5.0 2.5 2 0 2 5 5
-6789.5 4904.7 3.2 60 0 10.0 10.6 7.5 2.5 2 1 3 4 4
-6732.3 4893.4 4.9 99 0 18.5 16.1 10.0 2.5 2 0 4 3 3
-6525.3 4842.8 6.4 67 0 10.3 12.6 7.5 2.5 2 1 3 4 4
-6373.8 4809.9 2.1 51 0 14.5 44.8 15.0 2.5 2 1 6 5 5
-6247.8 4699.5 0.5 97 0 11.9 18.4 5.0 0.0 0 1 2 5 5
-6216.0 4737.1 -2.1 277 0 20.6 16.2 10.0 2.5 2 0 4 0 0
-6172.2 4766.2 -5.6 179 0 8.7 12.5 5.0 2.5 2 1 2 2 2
-6144.9 4729.6 -3.5 271 1 12.8 13.7 14.0 3.5 2 1 4 4 4
-6107.2 4771.6 -7.4 200 0 16.8 13.5 5.0 2.5 2 0 2 0 0
-6036.1 4764.2 -5.0 12 1 10.3 10.6 10.0 2.5 2 1 4 5 5
-5958.9 4768.1 -6.1 103 1 14.3 11.8 14.0 3.5 2 0 4 4 4
-5881.2 4731.9 -3.0 181 1 10.2 17.7 17.5 3.5 2 1 5 3 3
-5896.4 4764.4 -6.1 104 1 15.0 14.6 14.0 3.5 2 0 4 1 1
-5575.6 4772.7 -3.8 285 1 17.6 11.1 17.5 3.5 4 0 5 3 3
-5292.3 4833.8 -17.7 194 1 17.7 12.7 17.5 3.5 2 0 5 2 2
-4773.5 4698.4 -14.6 274 0 6.5 15.4 14.0 3.5 2 1 4 1 1
-4627.8 4689.0 -11.0 10 0 41.0 18.7 10.5 0.0 0 0 3 0 0
-4666.6 4721.5 -13.1 283 0 23.0 18.8 10.5 0.0 0 0 3 2 2
-4325.2 4571.9 -4.0 6 1 15.0 16.2 14.0 3.5 2 1 4 4 4
-4322.5 4615.6 -7.7 5 1 16.4 11.8 14.0 3.5 4 0 4 2 2
-4304.3 4618.3 -8.5 184 0 16.1 16.9 15.0 0.0 0 1 6 3 3
-4156.6 4589.2 -10.7 306 0 14.4 18.2 10.0 2.5 4 1 4 0 0
-4209.0 4561.8 -6.8 22 0 9.3 20.4 5.0 2.5 2 1 2 5 5
-4302.5 4538.7 -3.9 225 0 14.5 20.7 5.0 2.5 2 1 2 1 1
-4185.8 4605.5 -10.4 294 1 12.8 17.2 10.0 2.5 2 1 4 0 0
-4212.3 4615.1 -10.4 287 0 13.3 21.9 10.0 2.5 2 1 4 1 1
-4095.3 4520.1 -10.8 338 0 12.2 25.7 10.0 2.5 2 1 4 3 3
-4070.5 4416.4 -9.9 5 0 15.9 17.4 7.5 2.5 2 1 3 3 3
-3855.8 4324.1 -2.8 87 0 14.2 22.8 10.0 2.5 2 1 4 1 1
-3824.4 4286.9 -0.6 31 0 12.1 17.7 7.5 2.5 4 1 3 0 0
-3754.1 4371.3 -5.0 209 0 19.6 17.4 12.5 2.5 2 0 5 3 3
-3725.2 4364.7 -3.5 297 0 9.5 15.4 7.5 2.5 2 1 3 5 5
-3685.9 4341.2 -4.4 302 0 24.7 20.1 10.0 2.5 2 0 4 5 5
-3620.3 4312.9 -7.4 300 0 14.6 18.1 12.5 2.5 2 1 5 1 1
-3532.0 4258.7 -5.9 24 0 13.2 24.5 15.0 0.0 0 1 6 3 3
-3658.2 4233.4 1.1 124 0 22.6 15.1 12.5 2.5 2 0 5 0 0
-3495.6 4226.8 -3.1 32 0 13.3 20.4 10.0 2.5 2 1 4 2 2
-3488.6 4252.2 -4.8 303 0 14.1 14.4 5.0 2.5 2 1 2 1 1
-6485.0 4105.6 14.4 158 0 16.9 18.7 10.0 2.5 2 1 4 1 1
-6520.3 4058.8 14.3 204 0 11.3 9.8 2.5 2.5 4 0 1 2 2
-6467.7 4043.0 14.5 107 0 16.4 12.7 5.0 2.5 4 0 2 5 5
-6422.7 4064.4 14.8 16 0 8.3 18.6 7.5 2.5 4 1 3 4 4
-6418.4 4085.8 14.7 17 0 10.5 10.3 5.0 2.5 2 0 2 3 3
-6494.1 4026.7 13.9 292 0 13.1 14.8 10.5 3.5 2 1 3 1 1
-6520.8 4018.1 13.7 160 0 9.0 11.1 10.5 0.0 0 1 3 5 5
-6545.3 4029.6 13.5 21 0 17.5 18.4 10.5 3.5 2 1 3 3 3
-6559.5 3932.8 15.1 286 0 15.1 12.4 10.5 3.5 2 0 3 5 5
-6396.0 4015.5 14.2 103 0 9.6 11.0 2.5 2.5 2 1 1 0 0
-6450.1 3991.0 13.4 204 0 19.7 16.6 10.5 3.5 2 0 3 0 0
-6402.9 3976.4 12.5 290 0 13.4 40.0 10.5 3.5 2 1 3 1 1
-6421.7 3896.1 13.1 107 0 15.1 27.3 10.5 3.5 2 1 3 1 1
-6387.5 3892.6 13.1 51 0 8.4 19.0 10.5 3.5 2 1 3 1 1
-6343.3 4001.7 12.5 108 0 23.3 12.2 10.0 2.5 2 0 4 5 5
-6345.5 3962.2 12.6 287 0 17.2 21.0 10.5 3.5 4 1 3 4 4
-6300.6 3941.2 12.7 196 0 12.4 10.4 10.5 3.5 2 0 3 4 4
-6288.1 3981.2 12.6 196 0 8.1 10.0 2.5 2.5 2 1 1 0 0
-6270.4 3919.8 13.2 283 0 8.7 17.8 10.5 3.5 2 1 3 3 3
-6281.3 3942.4 12.7 286 0 10.5 12.5 10.5 3.5 2 1 3 3 3
-6239.1 3911.4 13.0 342 0 10.1 13.6 10.5 0.0 0 1 3 2 2
-6242.1 3834.9 13.1 292 0 19.6 13.6 10.5 3.5 2 0 3 5 5
-6271.0 3853.0 13.7 341 0 16.3 16.6 10.5 3.5 2 1 3 3 3
-6243.6 3842.8 13.0 109 0 14.7 22.0 10.5 3.5 2 1 3 0 0
-6179.6 3931.0 13.5 111 0 10.6 10.3 5.0 0.0 0 0 2 5 5
-6107.8 3914.2 13.6 107 0 13.0 18.4 10.0 2.5 2 1 4 4 4
-6090.5 3960.7 13.6 16 0 23.3 14.5 10.0 2.5 2 0 4 5 5
-6073.7 3895.5 13.6 109 0 17.2 20.7 7.5 2.5 2 1 3 2 2
-5993.5 3882.5 13.4 18 0 12.7 12.6 5.0 2.5 2 0 2 5 5
-6009.2 3844.4 12.6 288 0 14.7 15.8 10.5 0.0 0 1 3 4 4
-5954.4 3811.3 11.6 204 0 16.6 14.4 10.5 3.5 2 0 3 0 0
-5916.9 3802.6 10.8 295 0 16.5 9.4 10.5 3.5 2 0 3 3 3
-5883.3 3831.7 11.0 20 0 15.6 17.6 10.0 2.5 2 1 4 3 3
-5952.2 3772.0 10.7 200 0 15.9 13.0 10.5 3.5 2 0 3 0 0
-5970.8 3757.6 10.6 218 0 13.0 12.0 10.5 3.5 2 0 3 2 2
-5983.9 3731.4 10.1 219 0 8.6 18.0 10.5 0.0 0 1 3 3 3
-5997.9 3707.2 10.0 125 0 11.7 8.1 10.5 3.5 2 0 3 4 4
-6064.8 3706.7 9.8 32 0 6.6 6.9 10.5 3.5 2 1 3 5 5
-6193.0 3399.9 11.9 302 0 6.2 11.6 10.5 3.5 2 1 3 3 3
-6248.6 3428.8 12.2 301 0 10.2 8.5 10.5 3.5 4 0 3 0 0
-6277.3 3447.7 12.5 297 0 6.5 7.9 10.5 3.5 2 1 3 0 0
-6283.9 3483.1 12.7 295 1 10.0 10.2 14.0 3.5 2 1 4 0 0
-5514.5 4709.8 -4.0 192 1 14.7 13.1 17.5 3.5 2 0 5 2 2
-5474.8 4692.8 -5.6 103 1 10.6 14.4 17.5 0.0 0 1 5 5 5
-5459.9 4695.1 -6.7 104 0 12.0 9.6 17.5 0.0 0 0 5 2 2
-5456.3 4704.0 -6.8 105 0 9.5 8.0 17.5 3.5 2 0 5 3 3
-2998.4 -7907.0 -12.8 355 0 7.4 16.4 5.0 2.5 4 1 2 3 3
-3070.0 -7778.5 -13.8 236 0 12.8 43.7 10.0 2.5 2 1 4 4 4
-3169.1 -7491.8 -13.8 252 0 10.8 11.5 5.0 2.5 2 1 2 1 1
-3030.9 -7142.8 -21.3 105 0 12.9 10.6 2.5 2.5 2 0 1 1 1
-3069.3 -7159.7 -20.7 193 0 8.4 16.7 5.0 2.5 2 1 2 0 0
-3116.1 -7106.4 -20.3 198 0 6.2 8.2 5.0 2.5 2 1 2 0 0
-3112.1 -7095.5 -20.5 199 0 14.6 11.8 7.5 2.5 2 0 3 1 1
-3201.0 -7027.1 -21.2 189 0 8.3 20.4 5.0 2.5 2 1 2 0 0
-3140.6 -7041.3 -20.4 124 0 7.6 12.3 5.0 2.5 2 1 2 4 4
-3125.2 -7008.6 -21.5 7 0 9.1 14.2 5.0 2.5 4 1 2 1 1
-3120.1 -6910.0 -23.6 194 0 13.6 10.1 2.5 2.5 4 0 1 5 5
-3109.9 -6869.5 -23.8 197 0 14.8 9.8 7.5 2.5 4 0 3 1 1
-3105.3 -6855.2 -23.9 108 0 13.1 20.4 7.5 2.5 2 1 3 3 3
-3082.9 -6804.8 -23.8 295 0 8.9 9.3 5.0 0.0 0 1 2 5 5
-3079.8 -6800.2 -23.7 115 0 6.7 21.6 5.0 2.5 2 1 2 4 4
-3136.7 -6836.2 -23.0 193 0 9.2 19.4 5.0 2.5 2 1 2 2 2
-3100.8 -6795.6 -23.2 295 0 8.0 11.3 2.5 0.0 0 1 1 4 4
-3104.5 -6810.0 -23.3 293 0 8.4 8.6 5.0 2.5 2 1 2 2 2
-3011.4 -6682.6 -23.2 115 0 6.2 16.2 5.0 2.5 2 1 2 3 3
-3017.0 -6708.6 -22.9 28 0 6.7 7.2 5.0 2.5 2 1 2 0 0
-3087.8 -6640.6 -20.8 20 0 10.6 11.2 5.0 2.5 2 1 2 5 5
-3029.9 -6636.1 -22.5 288 0 9.7 11.1 5.0 2.5 2 1 2 1 1
-2962.5 -6627.3 -24.7 204 0 12.3 17.0 2.5 0.0 0 1 1 4 4
-2961.5 -6650.5 -24.8 115 0 17.4 9.9 5.0 2.5 2 0 2 3 3
-2932.8 -6558.4 -25.3 206 0 13.3 14.5 5.0 2.5 2 1 2 0 0
-2899.3 -6433.8 -24.7 294 0 8.2 25.8 7.5 2.5 4 1 3 4 4
-2887.8 -6418.3 -24.3 26 0 22.8 8.6 5.0 2.5 4 0 2 0 0
-2841.0 -6437.0 -25.8 115 0 12.0 20.3 10.0 2.5 2 1 4 1 1
-2879.6 -6471.4 -25.5 208 0 12.3 11.1 5.0 2.5 2 0 2 1 1
-2802.8 -6365.2 -25.8 192 0 6.9 25.7 7.5 0.0 0 1 3 1 1
-2867.4 -6339.7 -24.2 12 0 13.7 16.9 2.5 2.5 2 1 1 2 2
-2817.6 -6215.5 -23.9 199 0 8.8 9.4 2.5 2.5 2 1 1 1 1
-2722.9 -5789.6 -18.3 190 0 20.5 7.0 5.0 2.5 2 0 2 5 5
-2727.8 -5728.7 -18.1 12 0 21.3 11.0 5.0 2.5 2 0 2 5 5
-2669.0 -5536.7 -16.4 187 0 13.0 15.7 7.5 2.5 2 1 3 3 3
-2696.9 -5502.3 -15.0 4 0 20.7 11.9 5.0 2.5 4 0 2 0 0
-2678.4 -5445.8 -15.2 8 0 26.8 7.5 2.5 2.5 2 0 1 2 2
-2665.5 -5466.4 -15.4 187 0 10.3 8.1 5.0 2.5 4 0 2 0 0
-2550.4 -5687.2 -22.1 99 0 10.8 15.2 2.5 2.5 2 1 1 4 4
-2609.9 -5097.0 -19.3 11 0 16.0 12.0 5.0 2.5 2 0 2 0 0
-2601.5 -5067.0 -18.3 12 0 15.5 10.9 5.0 2.5 2 0 2 0 0
-2595.9 -5040.5 -17.9 12 0 8.3 13.1 5.0 2.5 4 1 2 4 4
-2535.4 -4794.5 -19.6 99 0 13.7 13.7 5.0 2.5 2 1 2 5 5
-2613.1 -5023.3 -17.7 11 0 16.0 13.5 5.0 2.5 2 0 2 2 2
-2564.8 -4778.9 -19.4 6 0 10.0 13.6 5.0 2.5 2 1 2 4 4
-2525.7 -4714.3 -21.3 177 0 11.2 17.7 5.0 2.5 2 1 2 4 4
-2481.9 -4615.5 -20.6 231 0 12.5 8.1 2.5 0.0 0 0 1 0 0
-2450.7 -4645.0 -21.1 301 0 11.5 17.5 2.5 0.0 0 1 1 2 2
-2428.7 -4662.1 -21.3 302 0 11.6 18.8 10.0 2.5 2 1 4 1 1
-2459.9 -4367.2 -13.3 179 0 9.2 11.8 5.0 2.5 2 1 2 2 2
-2476.1 -4329.6 -12.5 4 0 10.0 11.1 7.5 2.5 2 1 3 1 1
-2469.7 -4226.5 -12.9 278 0 11.9 14.5 7.0 2.5 2 1 2 3 3
-2455.1 -4233.5 -13.3 197 0 7.6 14.8 7.5 2.5 2 1 3 1 1
-2457.5 -4241.0 -13.2 197 0 8.1 14.8 5.0 2.5 4 1 2 1 1
-2806.5 -6162.4 -23.7 195 0 7.6 15.2 5.0 2.5 2 1 2 5 5
-2888.8 -6484.5 -25.3 207 0 11.9 10.1 5.0 0.0 0 0 2 3 3
-2864.4 -6456.3 -25.5 297 0 8.1 8.5 5.0 2.5 4 1 2 3 3
-3069.4 -7254.1 -17.4 4 0 13.8 21.5 10.0 2.5 4 1 4 3 3
-3125.4 -6710.1 -21.2 201 0 31.9 12.8 10.0 2.5 2 0 4 1 1
-2817.4 -6241.8 -24.8 201 0 15.0 17.5 10.0 2.5 2 1 4 0 0
-2829.0 -6263.7 -25.0 196 0 10.7 13.4 5.0 2.5 2 1 2 1 1
-2745.7 -6633.9 -28.7 119 0 13.0 20.2 12.5 2.5 4 1 5 3 3
-2263.1 -4534.6 -20.4 190 0 12.5 19.5 12.5 2.5 2 1 5 4 4
-2342.2 -4524.6 -18.9 278 0 17.8 16.4 10.0 2.5 2 0 4 5 5
-2524.3 -4214.6 -11.9 99 0 8.9 8.5 2.5 2.5 2 0 1 5 5
-2570.2 -4218.2 -11.7 286 0 16.7 8.9 5.0 2.5 4 0 2 4 4
-2540.2 -4198.9 -11.7 98 0 10.2 29.8 7.5 2.5 2 1 3 0 0
-2475.4 -4316.0 -12.5 5 0 12.9 8.1 14.0 2.5 2 0 4 1 1
-1940.9 -4080.4 -24.8 266 0 6.5 13.6 7.5 0.0 0 1 3 5 5
-2150.7 -4166.1 -18.9 267 0 18.2 7.7 5.0 2.5 2 0 2 1 1
-2006.2 -3988.4 -23.3 91 0 10.4 14.9 5.0 2.5 2 1 2 4 4
-2117.0 -3901.6 -22.0 165 0 7.0 11.5 5.0 2.5 2 1 2 1 1
-2119.2 -3892.5 -22.2 169 0 6.3 25.0 3.5 0.0 0 1 1 0 0
-2127.2 -3864.7 -21.9 167 0 8.7 10.1 2.5 0.0 0 1 1 3 3
-2373.7 -4182.8 -14.2 261 0 15.1 8.4 2.5 2.5 2 0 1 4 4
-2351.1 -4183.6 -14.1 351 0 8.1 12.4 2.5 2.5 2 1 1 0 0
-2060.0 -4171.4 -20.7 4 0 13.5 24.3 7.5 2.5 2 1 3 4 4
-2636.0 -4494.4 -14.3 279 0 18.6 25.0 7.5 2.5 2 1 3 1 1
-2446.0 -4197.6 -13.6 146 0 9.9 14.3 2.5 2.5 2 1 1 1 1
-2689.0 -4144.7 -9.6 180 0 11.7 7.9 2.5 2.5 2 0 1 5 5
-5210.0 -4443.0 -14.6 198 0 8.8 12.8 5.0 2.5 2 1 2 3 3
-2677.9 -4077.3 -10.2 281 0 9.0 15.3 10.5 0.0 0 1 3 5 5
-3078.2 -3462.1 14.4 282 0 26.6 55.6 12.5 2.5 2 1 5 2 2
-3191.2 -3433.1 19.5 281 0 20.0 23.9 10.0 0.0 0 1 4 1 1
-2771.8 -3528.1 -2.2 107 0 31.7 12.6 12.5 2.5 2 0 5 2 2
-3161.6 -3445.3 18.1 282 0 29.2 66.6 10.0 0.0 0 1 4 3 3
-3202.2 -3522.9 17.6 195 0 18.8 32.8 10.0 0.0 0 1 4 0 0
-3122.0 -3528.0 14.6 286 0 86.3 25.9 10.0 0.0 0 0 4 3 3
-2632.7 -3321.0 -7.2 231 0 16.8 26.1 10.0 2.5 2 1 4 0 0
-2731.7 -3501.2 -2.5 19 0 12.3 17.0 5.0 2.5 4 1 2 2 2
-2590.2 -3520.9 -7.3 14 0 12.1 15.7 5.0 2.5 2 1 2 3 3
-2598.6 -3560.6 -7.7 14 0 10.1 15.8 7.5 2.5 2 1 3 0 0
-2066.0 -4125.4 -20.7 14 0 6.5 15.9 5.0 2.5 2 1 2 1 1
-2054.4 -4071.2 -21.1 4 0 12.1 6.9 5.0 2.5 2 0 2 5 5
-2019.3 -4561.7 -25.9 285 0 20.9 10.9 5.0 2.5 2 0 2 5 5
-4467.4 -2796.2 7.8 131 0 27.4 13.2 5.0 2.5 2 0 2 2 2
-4618.9 -2699.0 5.7 310 0 18.9 20.5 10.0 2.5 2 1 4 3 3
-4573.1 -2730.5 5.7 322 0 8.5 32.9 12.5 2.5 2 1 5 3 3
-4540.8 -2799.3 6.4 41 0 8.6 17.0 5.0 2.5 2 1 2 4 4
-4555.6 -2765.5 6.2 315 0 12.3 23.1 7.5 2.5 2 1 3 1 1
-4684.0 -2574.8 7.3 136 0 12.6 8.3 7.5 2.5 2 0 3 5 5
-4049.5 -3073.7 14.2 112 0 14.0 37.7 10.0 2.5 2 1 4 1 1
-5692.0 -4589.7 -1.1 328 0 11.9 16.7 10.5 2.5 2 1 3 3 3
-5244.2 -4343.1 -13.7 265 0 15.1 8.1 5.0 2.5 2 0 2 4 4
-5225.9 -4334.7 -14.1 270 0 6.4 16.9 5.0 2.5 2 1 2 4 4
-5198.0 -4352.2 -14.6 19 0 14.5 11.1 5.0 2.5 4 0 2 3 3
-5186.8 -4334.4 -14.0 20 0 12.6 11.0 5.0 2.5 2 0 2 5 5
-5184.5 -4387.4 -14.4 201 0 11.8 9.4 5.0 2.5 2 0 2 5 5
-5207.3 -4434.8 -14.6 198 0 8.4 14.6 5.0 2.5 2 1 2 1 1
-5216.4 -4484.6 -14.7 110 0 9.7 15.3 5.0 2.5 2 1 2 1 1
-5213.1 -4460.6 -14.5 198 0 14.4 9.1 5.0 2.5 2 0 2 4 4
-4806.1 -4291.8 -7.3 259 0 9.7 8.5 5.0 2.5 2 0 2 4 4
-5045.1 -4324.5 -12.5 288 0 8.2 14.6 5.0 2.5 2 1 2 2 2
-5119.1 -4273.9 -14.2 224 0 14.0 10.2 5.0 2.5 2 0 2 3 3
-4771.2 -4376.7 -7.2 100 0 14.3 16.9 5.0 2.5 2 1 2 0 0
-4842.4 -4369.0 -6.8 274 0 13.1 12.0 2.5 2.5 2 0 1 3 3
-4771.4 -4313.5 -7.1 259 0 9.5 13.1 5.0 2.5 2 1 2 4 4
-4772.0 -4333.6 -7.1 169 0 9.3 10.1 2.5 2.5 2 1 1 0 0
-4770.9 -4351.1 -7.2 175 0 13.5 9.9 5.0 2.5 4 0 2 3 3
-4798.1 -4308.6 -7.4 259 0 12.6 14.8 7.5 2.5 2 1 3 0 0
-4701.0 -4309.4 -6.2 275 0 24.7 9.2 5.0 2.5 2 0 2 4 4
-4567.8 -4472.0 -3.0 343 0 12.5 14.6 5.0 2.5 2 1 2 0 0
-4604.6 -4411.8 -4.0 156 0 13.0 13.8 5.0 2.5 4 1 2 5 5
-4614.5 -4435.7 -4.2 329 0 9.4 9.5 5.0 2.5 2 1 2 1 1
-4605.8 -4462.0 -3.7 343 0 6.2 14.1 2.5 2.5 2 1 1 5 5
-5010.1 -4267.7 -12.0 283 0 14.4 26.2 10.0 2.5 2 1 4 0 0
-4983.7 -4264.5 -10.9 11 0 9.9 18.5 5.0 2.5 2 1 2 2 2
-4968.4 -4321.6 -10.1 104 0 9.1 10.9 5.0 2.5 4 1 2 2 2
-4949.6 -4326.2 -9.4 100 0 16.7 16.6 10.0 2.5 2 0 4 3 3
-5069.3 -4285.8 -13.6 99 0 8.6 15.6 5.0 2.5 2 1 2 2 2
-4894.9 -4359.4 -6.7 274 0 12.2 11.5 2.5 2.5 2 0 1 3 3
-5103.0 -4283.3 -14.4 185 0 10.4 10.3 2.5 2.5 2 0 1 5 5
-5058.3 -4321.7 -13.1 292 0 12.1 13.2 5.0 2.5 2 1 2 2 2
-5263.9 -4028.4 -6.3 321 0 20.6 15.5 10.0 2.5 2 0 4 2 2
-5271.2 -4140.2 -9.3 191 0 7.3 13.0 7.5 2.5 2 1 3 4 4
-5179.4 -4216.4 -11.6 102 0 14.6 12.3 5.0 2.5 2 0 2 4 4
-5134.1 -4234.5 -13.4 70 0 12.3 11.1 5.0 2.5 2 0 2 2 2
-5147.7 -4191.0 -12.7 273 0 8.3 11.9 7.5 2.5 2 1 3 2 2
-5135.6 -4241.7 -14.2 179 0 6.8 24.9 7.5 2.5 2 1 3 3 3
-5138.7 -4257.4 -13.0 353 0 9.8 24.1 7.5 0.0 0 1 3 4 4
-5151.2 -4236.5 -12.4 4 0 9.6 9.4 5.0 2.5 4 0 2 3 3
-4391.4 -4113.5 -2.1 236 0 20.3 23.1 15.0 0.0 0 1 6 3 3
-4156.2 -3939.9 6.4 70 0 19.6 12.0 5.0 2.5 2 0 2 5 5
-4062.0 -3967.5 9.6 291 0 6.6 23.3 5.0 2.5 2 1 2 4 4
-4065.3 -3948.7 9.7 284 0 6.4 16.5 5.0 0.0 0 1 2 5 5
-3959.6 -3921.6 14.1 100 0 10.3 13.1 5.0 2.5 2 1 2 4 4
-5439.3 2721.0 14.7 4 0 25.8 54.2 14.0 3.5 2 1 4 5 5
-5815.9 -5708.8 -24.8 60 0 18.0 11.5 7.5 2.5 4 0 3 4 4
-5766.7 -5681.3 -25.4 334 0 10.8 21.5 5.0 2.5 2 1 2 4 4
-5528.4 -5977.7 -21.3 119 0 7.1 14.1 5.0 2.5 2 1 2 5 5
-5669.3 -5743.5 -27.0 61 0 12.5 11.5 5.0 2.5 2 0 2 4 4
-5140.3 -5770.6 -12.1 89 0 17.1 8.8 5.0 2.5 2 0 2 1 1
-5463.1 -7183.2 -23.4 71 0 12.0 31.8 10.0 2.5 2 1 4 3 3
-5661.1 -7130.3 -26.5 92 0 6.1 21.5 5.0 2.5 2 1 2 2 2
-5470.8 -7084.9 -22.9 177 0 18.5 12.7 5.0 2.5 2 0 2 0 0
-5804.5 -6613.1 -26.3 71 0 39.7 12.6 10.0 0.0 0 0 4 5 5
-5765.2 -6591.5 -25.7 338 0 15.5 16.3 10.0 2.5 2 1 4 3 3
-5777.9 -6630.3 -25.0 252 0 22.8 13.8 10.0 2.5 2 0 4 2 2
-5613.3 -5735.9 -26.1 296 0 6.2 8.6 5.0 2.5 2 1 2 4 4
-5641.3 -5724.4 -27.2 296 0 11.9 6.6 5.0 0.0 0 0 2 4 4
-5604.4 -5558.6 -25.6 215 0 16.2 18.1 10.0 2.5 2 1 4 4 4
-5629.3 -5563.1 -26.4 33 0 11.2 23.9 12.5 2.5 2 1 5 5 5
-6060.9 -4479.7 -4.0 121 0 37.9 13.2 7.5 2.5 2 0 3 0 0
-6077.6 -4454.9 -4.6 121 0 8.7 29.5 10.0 0.0 0 1 4 2 2
-6199.9 -4266.9 -5.1 210 0 43.8 13.9 14.0 3.5 4 0 4 5 5
-6144.7 -4275.8 -4.0 298 0 15.2 11.5 14.0 3.5 4 0 4 2 2
-6033.0 -4078.0 -1.6 281 0 7.3 27.6 5.0 2.5 2 1 2 2 2
-6262.0 -4267.5 -4.9 27 1 14.2 10.3 14.0 3.5 2 0 4 2 2
-6530.9 -4062.4 0.0 87 0 12.4 12.3 10.5 3.5 2 0 3 4 4
-6429.9 -3462.7 -1.9 354 0 12.6 14.9 7.5 2.5 2 1 3 4 4
-6713.4 -1417.1 -5.8 278 0 13.9 9.7 10.5 3.5 2 0 3 1 1
-6713.0 -1476.3 -5.9 5 0 14.6 18.4 10.5 3.5 2 1 3 2 2
-6537.8 -1128.4 -13.1 223 0 8.2 31.0 14.0 0.0 0 1 4 2 2
-6439.6 -1062.0 -12.5 21 1 11.7 21.2 14.0 3.5 2 1 4 1 1
-6642.4 -873.7 -13.5 158 1 10.6 14.4 14.0 3.5 2 1 4 4 4
-6772.1 -481.0 -21.1 340 0 24.6 14.7 14.0 3.5 2 0 4 1 1
-6802.9 -416.8 -21.1 139 0 39.3 7.6 14.0 0.0 0 0 4 2 2
-6815.0 -348.8 -19.5 228 1 15.2 14.1 14.0 3.5 2 0 4 2 2
-6033.0 758.1 1.9 35 1 14.3 13.6 14.0 3.5 2 0 4 1 1
-5294.1 762.9 17.7 248 0 21.2 17.5 14.0 3.5 2 0 4 2 2
-5223.0 533.5 16.7 343 0 9.4 14.1 10.5 3.5 2 1 3 4 4
-5223.2 521.0 16.5 341 0 9.8 14.4 10.5 0.0 0 1 3 5 5
-5222.3 508.6 16.3 338 0 8.5 9.9 10.5 3.5 2 1 3 3 3
-5221.4 496.3 16.1 336 0 9.8 8.8 10.5 3.5 2 0 3 2 2
-5218.2 482.6 15.9 1 0 9.4 10.0 10.5 3.5 4 1 3 2 2
-5215.7 461.3 15.1 353 0 17.4 12.4 10.5 3.5 2 0 3 4 4
-5216.2 444.0 14.6 348 0 8.1 14.1 10.5 0.0 0 1 3 3 3
-5215.4 433.6 14.1 339 0 8.4 12.2 10.5 3.5 2 1 3 5 5
-5211.8 418.3 13.4 338 0 8.6 13.1 10.5 3.5 2 1 3 5 5
-5207.3 399.4 12.4 340 0 7.9 11.9 10.5 3.5 2 1 3 1 1
-5204.5 386.4 11.7 338 0 9.3 11.3 10.5 3.5 2 1 3 4 4
-5202.9 377.3 11.2 337 0 8.6 11.6 10.5 3.5 2 1 3 1 1
-5200.0 364.6 10.5 340 0 10.5 13.1 10.5 3.5 4 1 3 5 5
-5196.2 353.9 9.9 338 0 8.9 15.5 10.5 3.5 2 1 3 2 2
-5194.7 339.2 9.2 340 0 10.5 16.2 10.5 3.5 2 1 3 1 1
-5191.0 328.1 8.6 340 0 8.7 9.9 10.5 3.5 4 1 3 5 5
-5190.0 314.8 8.0 342 0 7.7 8.5 10.5 3.5 2 1 3 5 5
-5184.2 296.2 7.6 340 0 8.7 14.1 10.5 3.5 2 1 3 2 2
-5181.3 284.8 7.7 340 0 9.2 13.9 10.5 3.5 2 1 3 5 5
-5177.1 270.0 7.9 340 0 9.0 13.0 10.5 3.5 2 1 3 4 4
-5174.7 254.2 8.1 339 0 10.0 14.9 10.5 3.5 2 1 3 4 4
-5168.9 237.2 8.4 337 0 8.2 11.9 10.5 3.5 2 1 3 2 2
-5163.9 224.1 8.6 337 0 6.4 15.3 10.5 3.5 2 1 3 1 1
-5161.4 217.9 8.7 337 0 6.8 15.3 10.5 3.5 2 1 3 3 3
-5158.3 199.4 8.9 342 0 17.6 11.9 10.5 3.5 2 0 3 4 4
-5154.1 171.0 9.2 67 0 13.9 15.1 10.5 3.5 4 1 3 4 4
-5197.3 186.1 7.9 63 0 8.3 11.5 10.5 3.5 2 1 3 1 1
-5196.3 154.2 8.0 68 0 8.7 14.9 10.5 3.5 2 1 3 0 0
-5207.9 148.9 7.2 63 0 6.6 15.3 10.5 3.5 2 1 3 5 5
-5218.9 141.0 7.0 64 0 6.8 9.4 10.5 3.5 2 1 3 5 5
-5254.8 124.8 5.6 59 0 14.4 13.5 10.5 3.5 2 0 3 2 2
-5275.8 115.6 5.3 59 0 12.2 13.0 10.5 3.5 2 1 3 5 5
-5296.1 103.6 5.0 61 0 16.2 17.6 10.5 3.5 2 1 3 1 1
-5336.7 78.6 5.1 51 0 15.3 13.3 10.5 0.0 0 0 3 1 1
-5378.4 29.7 7.1 322 0 9.7 13.7 10.5 3.5 2 1 3 4 4
-5167.7 -356.4 15.6 112 1 16.7 13.7 14.0 0.0 0 0 4 5 5
-5036.1 -434.1 19.0 214 0 24.5 10.5 10.5 3.5 2 0 3 2 2
-5012.2 -376.1 18.6 249 0 9.3 14.9 10.5 3.5 2 1 3 1 1
-4976.5 -344.6 18.3 222 0 14.1 10.5 10.5 3.5 2 0 3 5 5
-4898.4 -388.4 20.8 319 0 19.2 34.4 14.0 3.5 4 1 4 3 3
-4314.4 -741.6 18.4 305 0 15.2 9.2 2.5 2.5 2 0 1 2 2
-4289.2 -771.2 18.4 35 0 9.5 26.6 10.0 2.5 2 1 4 1 1
-4268.5 -789.5 18.8 124 0 16.6 10.3 7.5 2.5 2 0 3 3 3
-4249.6 -794.6 19.0 125 0 8.6 15.6 5.0 2.5 2 1 2 3 3
-4235.6 -816.4 19.5 108 0 14.8 8.5 5.0 2.5 2 0 2 5 5
-4191.0 -833.4 20.1 109 0 23.6 9.5 5.0 2.5 4 0 2 2 2
-4588.0 -1184.6 17.2 32 0 9.9 17.5 5.0 2.5 2 1 2 4 4
-4613.1 -1164.7 17.2 306 0 13.4 12.4 5.0 2.5 2 0 2 3 3
-4656.2 -1193.6 17.3 119 0 12.8 9.0 5.0 2.5 2 0 2 4 4
-4694.4 -1120.5 17.6 302 0 8.6 9.6 2.5 2.5 2 1 1 2 2
-4706.7 -1117.3 17.7 299 0 8.8 15.3 2.5 2.5 2 1 1 1 1
-4720.4 -1104.9 17.7 299 0 20.7 22.7 10.0 0.0 0 1 4 2 2
-4787.7 -1082.8 18.1 208 0 12.7 8.0 5.0 2.5 2 0 2 4 4
-4760.5 -1087.9 18.0 297 0 17.2 14.3 2.5 2.5 2 0 1 0 0
-5195.9 -834.0 15.6 194 1 10.5 17.5 14.0 3.5 2 1 4 2 2
-5197.6 -807.7 15.5 193 1 14.6 11.5 14.0 3.5 4 0 4 0 0
-5254.5 -891.1 12.4 27 0 15.0 45.3 14.0 3.5 4 1 4 3 3
-5275.9 -1001.6 14.1 17 1 10.6 19.3 14.0 3.5 2 1 4 4 4
-5325.3 -990.4 13.0 111 0 17.7 11.0 14.0 3.5 2 0 4 3 3
-5979.4 -275.2 0.6 88 1 10.7 22.1 14.0 3.5 2 1 4 0 0
-5720.1 -324.5 3.2 270 0 22.5 20.0 14.0 3.5 2 0 4 0 0
-5658.9 -317.5 5.5 269 1 12.1 11.9 14.0 3.5 2 0 4 1 1
-5605.0 -231.0 8.1 263 0 12.2 27.1 14.0 3.5 2 1 4 2 2
-5506.9 -289.4 8.2 97 1 16.5 12.7 14.0 3.5 2 0 4 3 3
-5285.7 -1848.3 4.5 45 0 10.0 30.0 10.0 2.5 2 1 4 3 3
-5238.7 -1892.9 2.5 313 0 29.8 30.4 12.5 0.0 0 1 5 4 4
-5081.1 -2064.0 8.7 47 0 20.1 34.6 7.5 0.0 0 1 3 4 4
-5139.9 -2157.3 8.6 223 0 35.1 26.2 12.5 0.0 0 0 5 2 2
-5011.6 -2249.2 9.9 42 0 39.3 29.2 10.0 0.0 0 0 4 4 4
-4982.7 -2242.9 10.6 220 0 8.6 11.2 5.0 2.5 2 1 2 4 4
-4902.6 -2260.7 9.3 40 0 15.1 9.7 5.0 2.5 2 0 2 3 3
-4897.1 -2236.6 9.9 46 0 10.6 21.0 10.0 2.5 2 1 4 1 1
-4906.5 -2380.6 3.5 48 0 14.0 24.0 12.5 2.5 2 1 5 2 2
-4887.8 -2263.8 5.4 226 0 48.3 60.1 12.5 0.0 0 1 5 0 0
-4908.5 -1903.7 12.1 43 0 12.2 22.8 7.5 2.5 2 1 3 3 3
-4867.2 -1894.2 12.8 224 0 13.9 24.4 7.5 2.5 2 1 3 5 5
-4922.2 -1959.3 12.6 134 0 13.5 15.6 5.0 2.5 2 1 2 3 3
-5098.7 3615.2 15.5 186 1 11.7 10.0 14.0 0.0 0 0 4 4 4
-4789.8 3359.1 19.3 291 0 8.6 10.9 5.0 0.0 0 1 2 0 0
-4748.9 3364.4 20.2 299 0 13.1 8.0 5.0 2.5 2 0 2 3 3
-4738.5 3310.5 20.0 114 0 12.2 9.9 5.0 2.5 2 0 2 3 3
-4844.8 3166.5 17.1 345 0 18.1 11.1 2.5 2.5 2 0 1 3 3
-5985.3 1546.2 8.6 205 0 10.8 31.3 14.0 3.5 2 1 4 2 2
-4647.2 3782.3 16.8 192 0 9.4 9.3 5.0 2.5 2 0 2 0 0
-6454.2 -5177.9 -12.5 159 0 15.4 10.5 16.0 3.5 2 0 4 1 1
-6474.8 -5148.9 -13.3 159 0 29.1 8.8 14.0 3.5 2 0 4 1 1
-2848.3 2453.0 11.2 8 1 10.7 10.4 14.0 3.5 2 0 4 0 0
-2845.0 2467.7 10.7 3 1 12.4 12.4 14.0 3.5 2 1 4 2 2
-2801.8 2486.7 7.1 173 0 7.3 23.3 14.0 0.0 0 1 4 0 0
-2823.1 2507.3 8.2 30 1 11.0 13.5 14.0 3.5 2 1 4 0 0
-2824.0 2527.6 7.4 27 0 11.0 15.6 14.0 3.5 2 1 4 0 0
-2806.2 2539.2 5.6 27 0 15.3 18.0 14.0 3.5 2 1 4 2 2
-2771.7 2567.1 2.4 209 0 16.2 17.6 17.5 3.5 2 1 5 0 0
-2767.8 2624.6 1.0 118 0 15.2 16.6 14.0 3.5 2 1 4 4 4
-2728.7 2724.5 0.4 299 0 21.1 27.2 17.5 3.5 4 1 5 4 4
-2698.6 2754.3 -1.8 124 0 6.8 11.6 17.5 3.5 2 1 5 2 2
-2614.2 2835.4 -5.0 223 1 12.1 12.2 17.5 0.0 0 1 5 1 1
-2835.7 3621.6 10.2 38 0 10.5 18.2 14.0 3.5 4 1 4 0 0
-3085.4 3786.5 13.0 33 0 8.1 6.2 10.5 3.5 2 0 3 5 5
-4665.2 3808.5 17.8 11 1 11.8 12.7 14.0 3.5 2 1 4 5 5
-4620.0 3666.2 15.1 87 0 8.8 11.4 5.0 0.0 0 1 2 3 3
-4036.3 3642.8 9.5 124 0 20.2 26.9 10.0 2.5 2 1 4 1 1
-5350.6 1903.2 15.6 356 0 19.3 13.1 14.0 3.5 2 0 4 0 0
-5097.2 1014.2 20.7 313 0 53.8 16.0 10.5 3.5 2 0 3 5 5
-5006.7 945.7 21.0 83 0 11.5 36.5 10.5 3.5 2 1 3 4 4
-4792.5 1051.7 19.9 180 0 90.3 46.6 14.0 0.0 0 0 4 0 0
-4573.4 804.6 21.1 114 0 19.9 11.9 10.5 3.5 2 0 3 0 0
-4520.2 769.0 21.8 278 0 30.0 14.6 14.0 3.5 2 0 4 0 0
-4486.3 747.8 22.5 180 0 31.7 13.8 14.0 3.5 2 0 4 2 2
-4563.3 311.6 16.2 273 0 17.1 17.0 14.0 3.5 2 0 4 4 4
-4421.9 277.6 17.5 283 1 14.4 14.9 14.0 3.5 2 1 4 5 5
-4388.8 2.9 21.1 32 0 12.2 18.7 10.0 2.5 2 1 4 2 2
-4403.1 -25.9 21.2 33 0 8.5 18.9 5.0 2.5 4 1 2 2 2
-4388.0 -33.4 21.5 216 0 10.9 10.9 5.0 2.5 2 1 2 3 3
-4413.2 -56.7 20.8 220 0 13.4 14.2 5.0 2.5 2 1 2 1 1
-4417.5 -73.3 20.4 217 0 10.8 8.0 5.0 2.5 2 0 2 1 1
-4341.2 771.4 23.2 274 1 15.7 10.4 14.0 0.0 0 0 4 1 1
-4357.4 772.2 23.2 274 1 14.8 10.5 14.0 0.0 0 0 4 4 4
-4234.4 783.6 23.6 89 1 14.8 14.2 14.0 3.5 2 0 4 4 4
-4017.3 727.0 26.4 163 0 11.2 7.3 5.0 2.5 4 0 2 4 4
-4002.0 737.3 26.5 258 0 7.1 12.6 5.0 2.5 2 1 2 2 2
-3960.5 726.7 26.5 287 0 7.1 9.2 5.0 2.5 2 1 2 4 4
-3952.4 724.3 26.5 286 0 9.7 9.2 5.0 2.5 2 0 2 2 2
-3916.1 713.7 26.4 287 0 12.7 16.5 2.5 2.5 2 1 1 1 1
-3857.7 732.3 26.1 55 0 10.1 9.3 2.5 2.5 2 0 1 1 1
-3850.6 690.8 27.0 288 0 6.9 8.1 2.5 2.5 2 1 1 0 0
-3804.8 669.1 26.3 108 0 31.1 13.9 10.0 2.5 2 0 4 4 4
-3655.0 608.9 24.1 90 0 15.2 14.6 5.0 2.5 2 0 2 4 4
-3682.2 -234.3 21.7 122 0 13.8 11.7 5.0 0.0 0 0 2 2 2
-3645.4 -181.2 22.3 13 0 13.9 8.9 2.5 2.5 2 0 1 1 1
-3692.6 -262.8 21.2 303 0 8.9 13.5 2.5 2.5 2 1 1 1 1
-3746.5 -356.1 19.6 62 0 12.1 18.8 2.5 2.5 2 1 1 3 3
-3693.9 -401.6 18.8 305 0 14.1 14.6 14.0 2.5 2 1 4 1 1
-3542.4 -499.8 19.7 265 0 24.0 10.4 7.5 0.0 0 0 3 4 4
-3529.3 -479.7 20.4 59 0 10.4 17.5 5.0 2.5 2 1 2 4 4
-3450.2 -438.7 21.5 301 0 10.6 14.0 5.0 2.5 2 1 2 0 0
-3457.5 -612.2 20.4 192 0 13.0 16.0 5.0 2.5 4 1 2 1 1
-3827.7 -510.6 19.0 67 0 8.7 8.8 5.0 2.5 2 1 2 0 0
-3817.9 -505.5 19.1 64 0 9.2 7.9 5.0 2.5 2 0 2 4 4
-3959.7 -617.5 18.7 95 0 15.2 11.7 5.0 2.5 4 0 2 5 5
-3987.7 -201.7 22.0 198 0 10.0 7.8 5.0 2.5 2 0 2 4 4
-4072.7 -194.4 22.5 311 0 8.2 10.5 7.5 2.5 4 1 3 2 2
-4079.1 -188.9 22.8 311 0 8.7 10.3 5.0 2.5 2 1 2 3 3
-4069.3 -174.6 24.3 127 0 7.8 10.1 5.0 2.5 2 1 2 0 0
-4138.9 -97.4 21.8 309 0 9.3 14.6 5.0 2.5 2 1 2 0 0
-2270.9 2984.5 -13.8 56 0 8.8 6.9 14.0 3.5 2 0 4 1 1
-5156.9 4550.2 -2.0 19 0 10.4 6.2 14.0 3.5 2 0 4 3 3
-5152.8 4561.6 -2.8 20 0 13.8 8.0 14.0 3.5 2 0 4 1 1
-4328.8 -8041.6 -9.4 129 0 6.9 17.6 5.0 2.5 2 1 2 1 1
-4285.5 -8037.4 -9.3 53 0 9.3 9.6 2.5 2.5 2 1 1 3 3
-4318.7 -8085.0 -9.3 278 0 10.0 10.9 5.0 2.5 2 1 2 4 4
-4609.5 -8631.0 -12.0 208 0 12.0 8.1 5.0 2.5 2 0 2 1 1
-4595.6 -8401.2 -11.3 29 0 9.6 19.2 5.0 2.5 2 1 2 1 1
-4556.3 -8458.1 -11.4 31 0 9.8 11.0 5.0 2.5 2 1 2 1 1
-4581.0 -8451.9 -11.4 120 0 12.5 7.9 2.5 2.5 2 0 1 2 2
-4666.2 -8638.1 -12.9 309 0 9.0 26.5 5.0 2.5 2 1 2 0 0
-4535.2 -8445.1 -11.3 210 0 14.2 10.4 2.5 2.5 2 0 1 0 0
-4576.2 -8388.5 -11.0 115 0 12.9 10.1 5.0 2.5 2 0 2 1 1
-4678.9 -8483.5 -13.0 299 0 9.0 25.5 5.0 2.5 2 1 2 5 5
-4422.7 -8258.8 -11.3 209 0 7.9 11.6 2.5 2.5 2 1 1 2 2
-5010.9 -8154.3 -18.8 327 0 8.2 20.8 10.0 2.5 2 1 4 3 3
-4368.1 -8156.2 -9.3 207 0 8.6 14.0 2.5 0.0 0 1 1 4 4
-4067.5 -8398.6 -13.9 317 0 23.9 25.4 10.0 0.0 0 1 4 4 4
-4406.9 -8433.8 -9.6 44 0 11.1 21.2 5.0 2.5 2 1 2 3 3
-4549.2 -8420.8 -11.4 298 0 17.5 7.6 7.0 2.5 2 0 2 3 3
-4306.0 -8114.0 -9.9 331 0 15.0 12.4 5.0 2.5 2 0 2 1 1
-4282.0 -8156.1 -10.0 312 0 9.3 13.7 5.0 2.5 2 1 2 1 1
-4415.6 -8398.7 -9.4 90 0 11.9 10.4 5.0 2.5 2 0 2 0 0
-4375.4 -8171.0 -9.4 207 0 7.7 7.8 5.0 2.5 2 1 2 0 0
-4231.6 -8329.9 -10.8 48 0 8.4 9.9 5.0 2.5 2 1 2 3 3
-4380.1 -8180.4 -9.5 208 0 7.1 8.3 5.0 2.5 2 1 2 5 5
-4656.3 -8717.6 -13.2 51 0 9.3 22.3 7.5 2.5 2 1 3 3 3
-4413.2 -8240.3 -11.0 211 0 6.9 8.4 5.0 2.5 2 1 2 3 3
-4453.1 -8308.7 -11.1 209 0 32.0 8.9 7.5 0.0 0 0 3 1 1
-4296.2 -8384.6 -10.8 53 0 12.6 10.6 5.0 2.5 2 0 2 5 5
-4522.1 -8374.9 -10.5 28 0 10.8 17.5 5.0 2.5 2 1 2 3 3
-4466.2 -8394.1 -9.6 49 0 13.0 11.3 5.0 2.5 2 0 2 4 4
-4550.5 -8442.7 -11.4 28 0 7.3 10.6 5.0 2.5 2 1 2 3 3
-4292.3 -8138.7 -9.9 324 0 22.6 12.7 7.5 2.5 2 0 3 0 0
-6140.4 -5396.9 -9.4 306 0 7.8 10.1 14.0 3.5 2 1 4 4 4
-6528.7 -5077.3 -14.2 38 1 11.3 10.5 14.0 3.5 2 0 4 2 2
-6532.7 -5006.1 -13.6 128 0 19.7 18.4 14.0 3.5 2 0 4 1 1
-6718.4 -4850.2 -10.1 53 0 7.3 9.6 10.5 3.5 4 1 3 5 5
-6839.1 -4776.0 -7.7 199 0 10.6 12.0 10.5 0.0 0 1 3 3 3
-6800.7 -4662.2 -5.2 250 0 7.4 10.6 10.5 3.5 2 1 3 3 3
-6822.5 -4632.4 -5.0 347 0 8.3 10.6 10.5 3.5 2 1 3 4 4
-6881.9 -4665.4 -5.9 115 0 7.8 6.6 10.5 3.5 2 0 3 2 2
-6855.5 -4671.7 -5.7 98 0 9.7 17.6 10.5 3.5 2 1 3 2 2
-6865.8 -4529.6 -5.5 238 0 7.0 10.0 10.5 3.5 2 1 3 0 0
-4044.0 -3956.7 10.8 292 0 13.1 10.6 12.5 2.5 2 0 5 3 3
-6128.6 -5985.3 -25.6 306 0 11.6 9.2 5.0 2.5 4 0 2 4 4
-5641.7 4828.5 -10.6 278 1 12.2 10.8 17.5 3.5 2 0 5 4 4
-6378.6 4626.5 8.9 38 0 21.5 14.2 7.5 2.5 2 0 3 3 3
-6351.5 4596.1 8.4 129 0 13.5 22.5 12.5 2.5 2 1 5 3 3
-6362.4 4667.4 7.3 120 0 50.6 23.7 10.0 0.0 0 0 4 4 4
-6221.1 4619.8 5.8 12 0 14.3 20.0 17.5 0.0 0 1 7 1 1
-6049.1 4503.1 8.4 13 0 16.8 12.0 5.0 2.5 2 0 2 2 2
-6028.8 4506.6 9.1 192 0 11.6 15.8 10.5 3.5 2 1 3 1 1
-6033.3 4534.7 8.1 102 0 12.2 12.3 10.5 3.5 2 1 3 5 5
-6051.6 4412.2 11.5 191 0 10.5 15.8 10.5 3.5 2 1 3 0 0
-6069.8 4395.0 12.0 14 0 12.6 17.6 5.0 2.5 2 1 2 4 4
-6074.7 4272.5 12.3 192 1 11.9 12.4 14.0 3.5 2 1 4 5 5
-6108.6 4201.1 12.8 8 0 8.9 18.1 2.5 2.5 2 1 1 5 5
-5485.3 4831.4 -12.4 195 1 17.2 13.8 17.5 3.5 2 0 5 3 3
-5504.6 4736.6 -5.1 193 1 11.6 10.3 17.5 3.5 2 0 5 1 1
-6297.0 4690.8 3.9 199 0 10.6 16.9 7.5 2.5 2 1 3 3 3
-5846.0 4853.3 -13.8 280 1 10.1 11.5 14.0 0.0 0 1 4 1 1
-6337.7 4649.5 7.7 287 0 45.2 16.2 12.5 2.5 2 0 5 1 1
-6366.2 4375.6 11.1 20 0 10.5 12.7 7.5 2.5 4 1 3 2 2
-6351.1 4428.9 12.1 17 0 12.5 9.1 7.5 2.5 2 0 3 2 2
-6207.5 4958.2 -18.1 307 0 21.4 22.9 10.0 2.5 2 1 4 3 3
-4859.2 3105.8 18.0 21 0 9.3 17.5 5.0 2.5 2 1 2 2 2
-4910.4 3109.9 18.8 113 0 12.5 18.8 2.5 0.0 0 1 1 1 1
-4888.2 3125.8 18.5 292 0 12.4 9.7 7.5 2.5 2 0 3 5 5
-4839.5 3076.0 17.7 201 0 9.7 8.5 5.0 2.5 2 0 2 2 2
-5367.6 3142.8 15.8 2 0 19.7 41.3 14.0 3.5 2 1 4 1 1
-5337.4 3136.3 16.4 94 0 29.3 21.2 14.0 3.5 2 0 4 3 3
-5291.2 3139.4 17.3 93 0 11.9 27.6 14.0 3.5 2 1 4 4 4
-5269.2 3154.2 17.9 92 0 19.9 13.9 14.0 3.5 2 0 4 3 3
-5239.3 3089.6 16.0 10 1 13.1 10.4 14.0 3.5 2 0 4 0 0
-5147.6 3206.6 17.7 186 0 6.1 12.0 5.0 2.5 2 1 2 5 5
-5496.1 3356.7 15.0 288 0 12.2 11.1 10.5 3.5 2 0 3 4 4
-5565.2 3395.2 13.6 48 0 10.4 11.0 10.5 3.5 2 1 3 1 1
-5479.4 3368.2 15.3 110 0 7.2 11.2 10.5 3.5 2 1 3 5 5
3922.0 -2545.3 -25.5 94 0 20.2 31.0 5.0 2.5 2 1 2 5 5
-5205.6 4882.9 -26.1 2 0 9.9 7.2 14.0 3.5 2 0 4 0 0
-5205.2 4890.9 -26.6 4 0 6.1 7.2 14.0 3.5 2 1 4 3 3
-5204.7 4852.6 -23.3 224 0 8.8 10.6 14.0 3.5 2 1 4 5 5
-5191.1 4463.7 3.5 25 0 13.8 15.5 14.0 3.5 2 1 4 0 0
-5201.4 4437.8 5.5 25 0 6.7 15.0 10.5 3.5 2 1 3 3 3
-5197.8 4448.8 5.0 24 0 6.8 12.0 14.0 3.5 2 1 4 4 4
-5195.2 4454.7 4.6 25 0 6.0 11.9 14.0 3.5 2 1 4 2 2
-5173.9 4434.8 5.6 19 0 8.5 8.8 10.5 3.5 2 1 3 2 2
-5161.8 4483.8 2.4 294 0 9.0 9.7 14.0 3.5 2 1 4 3 3
-5241.5 4339.8 8.1 21 0 6.8 12.5 14.0 3.5 2 1 4 0 0
-5266.2 4167.1 11.0 108 0 12.8 12.7 17.5 3.5 2 0 5 3 3
-5270.5 4265.8 9.1 109 0 11.6 11.4 14.0 3.5 2 0 4 3 3
-5201.2 4723.7 -13.0 296 0 6.8 10.8 14.0 3.5 2 1 4 5 5
-5192.0 4718.9 -12.9 300 0 7.2 10.5 14.0 3.5 4 1 4 3 3
-5224.7 4738.1 -13.2 298 0 8.2 12.0 17.5 3.5 4 1 5 3 3
-5243.9 4745.5 -13.4 210 0 8.2 7.2 17.5 3.5 2 0 5 0 0
-5214.2 4732.6 -13.2 297 0 6.5 9.8 17.5 0.0 0 1 5 3 3
-5265.8 4197.0 10.9 196 0 10.7 9.3 17.5 3.5 2 0 5 2 2
-5243.7 4234.4 10.6 17 0 6.7 9.8 17.5 3.5 4 1 5 2 2
-5258.7 4181.9 11.0 17 0 7.3 9.0 17.5 0.0 0 1 5 1 1
-5129.8 4619.2 -6.5 23 0 8.4 11.3 14.0 3.5 2 1 4 2 2
-5124.3 4618.1 -6.3 200 0 6.5 7.5 17.5 3.5 2 1 5 2 2
-5211.4 4421.2 6.5 25 0 6.1 11.3 10.5 3.5 2 1 3 2 2
-5151.6 4495.9 1.0 113 0 16.7 6.0 14.0 3.5 2 0 4 3 3
-5166.6 4517.9 0.0 25 0 8.0 12.1 17.5 3.5 2 1 5 1 1
-5148.7 4532.6 -1.1 202 0 8.1 6.3 14.0 0.0 0 0 4 1 1
-5222.4 4393.6 7.6 25 0 6.8 12.8 17.5 3.5 2 1 5 1 1
-5284.9 4198.0 10.2 17 0 6.1 11.1 14.0 3.5 2 1 4 4 4
-5291.8 4173.6 10.6 19 0 9.5 10.0 14.0 3.5 2 1 4 5 5
-5174.0 4465.7 3.6 202 0 6.1 12.7 14.0 3.5 2 1 4 4 4
-5168.3 4455.7 4.0 16 0 8.2 8.2 14.0 3.5 2 0 4 4 4
-5271.6 4156.0 11.2 288 0 8.6 7.0 14.0 3.5 2 0 4 4 4
-5249.3 4317.3 8.4 23 0 6.5 6.7 14.0 3.5 2 1 4 1 1
-5153.7 4513.1 0.1 202 0 6.9 8.8 14.0 3.5 2 1 4 0 0
-5272.1 4256.9 9.6 288 0 10.4 6.6 14.0 3.5 2 0 4 3 3
-5318.0 4193.6 9.6 200 0 8.2 13.7 14.0 3.5 2 1 4 2 2
-4939.1 4597.4 -9.4 278 0 9.0 7.7 17.5 3.5 2 0 5 0 0
-4855.2 4584.8 -9.2 189 0 14.2 13.1 17.5 3.5 2 0 5 1 1
-5193.8 4672.6 -10.7 27 0 7.3 16.5 14.0 3.5 2 1 4 0 0
-5301.1 3987.5 12.5 283 0 7.1 9.8 14.0 3.5 2 1 4 5 5
-6445.0 4746.2 9.2 116 0 19.6 27.5 7.5 2.5 2 1 3 1 1
-4811.9 3270.6 18.5 28 0 7.2 16.0 2.5 2.5 2 1 1 0 0
-4766.7 3322.6 19.7 201 0 8.2 11.9 2.5 2.5 2 1 1 4 4
-4413.3 3009.1 17.0 198 0 17.3 18.0 7.5 2.5 2 1 3 5 5
-6951.7 -4880.2 -8.0 142 0 20.0 6.4 14.0 3.5 2 0 4 4 4
-6877.9 -4811.5 -6.9 320 0 7.7 7.0 10.5 3.5 2 0 3 0 0
-6912.8 -4837.6 -7.2 228 0 7.4 11.8 10.5 3.5 2 1 3 2 2
-6937.0 -4839.4 -7.2 52 0 8.8 8.1 14.0 3.5 4 0 4 0 0
-6857.2 -4791.3 -7.4 227 0 12.0 9.1 10.5 3.5 2 0 3 4 4
-6907.8 -4833.1 -7.1 229 0 6.1 11.8 10.5 3.5 2 1 3 2 2
-6890.2 -4801.6 -6.8 45 0 8.9 18.3 14.0 3.5 2 1 4 3 3
-6954.2 -4841.1 -7.4 144 0 16.8 7.8 14.0 3.5 2 0 4 1 1
-6851.4 -4783.0 -7.6 227 0 7.5 12.8 10.5 3.5 2 1 3 2 2
-6928.1 -4832.1 -7.1 51 0 7.4 6.2 14.0 3.5 2 0 4 1 1
-6880.5 -4792.5 -7.1 46 0 7.5 11.2 14.0 3.5 2 1 4 3 3
-6944.8 -4862.1 -7.8 233 0 6.0 16.1 14.0 3.5 2 1 4 2 2
-6892.7 -4819.3 -7.1 229 0 6.9 16.0 10.5 3.5 2 1 3 1 1
-6898.1 -4824.0 -7.1 228 0 7.4 17.1 10.5 3.5 2 1 3 1 1
4055.5 -2186.3 -26.4 92 0 10.9 30.2 10.0 2.5 2 1 4 3 3
4016.7 -2146.8 -26.5 114 0 6.9 12.1 5.0 2.5 4 1 2 2 2
4312.2 -2408.5 -24.3 63 0 8.1 26.3 5.0 2.5 2 1 2 1 1
4768.3 -2354.8 -25.4 93 0 28.0 47.1 7.5 0.0 0 1 3 4 4
4650.4 -1025.0 -27.3 206 0 6.0 12.6 5.0 2.5 2 1 2 0 0
3907.6 -2631.4 -24.4 125 0 9.8 33.7 7.5 2.5 2 1 3 1 1
4326.4 -2182.4 -20.6 76 0 7.5 9.6 5.0 2.5 2 1 2 0 0
-6055.5 1126.4 10.5 68 0 20.2 147.0 7.0 0.0 0 1 2 4 4
-6210.8 1181.8 8.8 248 0 47.9 46.7 14.0 0.0 0 0 4 0 0
-3887.8 614.8 25.8 101 0 15.5 11.3 5.0 2.5 2 0 2 4 4
-3894.6 762.6 25.6 67 0 8.2 8.8 2.5 2.5 2 1 1 5 5
-3935.3 769.5 25.8 105 0 10.5 9.3 5.0 2.5 2 0 2 5 5
-4609.1 -8550.4 -12.1 24 0 7.5 6.5 5.0 2.5 2 0 2 1 1
-3706.6 691.7 24.2 197 0 19.9 19.0 7.5 2.5 2 0 3 2 2
-3629.8 956.0 20.7 288 0 22.0 36.5 10.0 0.0 0 1 4 4 4
-3743.1 816.7 20.7 106 0 56.3 35.1 7.5 0.0 0 0 3 3 3
-3737.3 885.5 20.7 287 0 15.9 31.0 10.0 2.5 4 1 4 3 3
-3716.2 877.4 20.7 285 0 12.4 28.9 10.0 2.5 4 1 4 1 1
-3702.0 872.8 20.7 286 0 12.3 28.8 7.5 2.5 2 1 3 1 1
-3673.1 962.2 20.7 284 0 13.3 68.2 10.0 2.5 4 1 4 0 0
-6936.5 3891.5 15.2 123 1 10.5 13.6 14.0 3.5 2 1 4 1 1
-3382.4 -3975.9 16.9 9 0 26.2 18.3 10.0 2.5 2 0 4 4 4
-5360.7 1197.9 15.5 54 0 7.8 34.5 7.0 3.5 2 1 2 5 5
-4749.5 1279.7 19.3 35 0 13.0 123.9 7.0 0.0 0 1 2 0 0
-4326.7 4487.1 -1.2 304 0 9.3 11.6 7.0 3.5 4 1 2 0 0
-3721.3 1622.4 17.9 294 0 11.6 21.4 7.5 2.5 2 1 3 0 0
-3745.8 1632.4 17.9 114 0 18.4 9.9 7.5 2.5 2 0 3 2 2
-3721.1 1635.8 17.6 204 0 9.8 21.4 7.5 2.5 2 1 3 1 1
-3539.2 1644.0 17.5 179 0 7.2 7.8 5.0 2.5 2 1 2 4 4
-3413.7 1664.6 17.4 265 0 16.0 20.6 10.0 2.5 2 1 4 0 0
-3360.5 1722.4 18.6 150 0 8.1 11.9 5.0 2.5 2 1 2 3 3
-3292.6 1732.1 19.2 336 0 11.4 6.3 5.0 2.5 2 0 2 4 4
-3223.2 1815.0 17.8 164 0 15.1 26.3 10.0 2.5 4 1 4 2 2
-2956.3 1899.1 17.0 179 0 6.4 35.2 10.0 0.0 0 1 4 5 5
-2912.5 1875.9 18.6 260 0 11.3 11.9 7.5 0.0 0 1 3 1 1
-2830.7 1876.1 19.3 280 0 14.5 10.2 7.5 0.0 0 0 3 1 1
-2928.0 1863.8 18.3 77 0 10.0 9.4 5.0 2.5 2 0 2 4 4
-2784.8 1879.3 19.1 270 0 19.6 35.2 10.0 0.0 0 1 4 1 1
-3959.6 -108.8 23.4 207 0 7.5 8.7 2.5 2.5 2 1 1 1 1
-3923.1 -124.3 23.1 26 0 7.7 6.9 5.0 2.5 2 0 2 0 0
-3928.5 -26.8 23.6 202 0 7.1 8.9 5.0 2.5 2 1 2 2 2
-2430.3 3531.8 -5.7 38 0 11.1 53.3 17.5 3.5 2 1 5 1 1
-2538.5 3607.4 -1.4 47 0 14.2 47.8 14.0 3.5 2 1 4 2 2
-2538.5 3607.4 -1.2 227 0 14.2 10.9 14.0 3.5 2 0 4 4 4
-2584.3 3647.9 -1.6 47 0 15.7 35.3 14.0 3.5 2 1 4 0 0
-2651.2 3622.5 4.2 320 0 21.5 19.2 14.0 3.5 2 0 4 4 4
-2653.2 3563.5 4.8 38 0 60.2 13.2 14.0 3.5 2 0 4 4 4
-2668.9 3511.8 3.0 212 0 14.8 19.4 14.0 3.5 2 1 4 0 0
-2655.6 3527.3 3.5 219 0 19.0 15.0 14.0 3.5 2 0 4 3 3
-2643.8 3543.9 3.8 220 0 15.9 15.9 14.0 3.5 2 0 4 1 1
-2632.2 3559.6 3.6 222 0 15.2 13.4 14.0 3.5 2 0 4 1 1
-2641.8 3488.1 2.1 124 0 17.4 12.4 14.0 3.5 2 0 4 0 0
-2556.6 3335.1 -5.3 12 0 16.0 25.1 17.5 0.0 0 1 5 3 3
-2626.2 3362.4 -4.5 192 0 15.1 24.4 17.5 3.5 2 1 5 1 1
-4658.9 -4290.3 -4.6 236 0 11.9 9.9 5.0 0.0 0 0 2 1 1
-5539.0 4617.4 -2.8 234 0 33.1 9.7 17.5 3.5 2 0 5 1 1
-4953.3 -5773.0 -9.5 5 0 33.0 27.5 12.5 0.0 0 0 5 4 4
-4899.6 -5798.0 -6.8 98 0 25.4 16.1 7.5 2.5 2 0 3 2 2
-3103.4 -7192.6 -19.1 194 0 22.5 23.4 10.0 2.5 2 1 4 4 4
-3056.5 -7179.0 -19.9 14 0 7.6 12.5 5.0 2.5 4 1 2 2 2
-3125.7 -7154.3 -19.1 104 0 6.4 9.8 2.5 2.5 2 1 1 3 3
-3121.3 -7123.4 -19.6 280 0 6.6 9.4 7.5 2.5 2 1 3 1 1
-3098.8 -7127.7 -20.2 281 0 15.9 6.7 5.0 2.5 2 0 2 3 3
-3077.2 -6993.2 -22.6 11 0 18.1 7.7 5.0 2.5 2 0 2 1 1
-3090.3 -6925.8 -24.3 192 0 14.5 13.1 5.0 2.5 2 0 2 5 5
-2786.6 -6675.6 -28.4 21 0 16.6 10.0 2.5 2.5 2 0 1 0 0
-2794.0 -6696.4 -28.5 23 0 17.0 10.7 5.0 2.5 2 0 2 5 5
-2736.9 -5890.6 -21.4 190 0 20.1 13.6 10.0 2.5 2 0 4 1 1
-2534.4 -4345.3 -13.0 279 0 12.2 19.8 2.5 2.5 2 1 1 1 1
-2282.9 -4477.2 -18.3 193 0 61.6 11.8 10.0 2.5 2 0 4 5 5
-2284.5 -4518.9 -18.6 102 0 11.8 7.3 5.0 2.5 2 0 2 4 4
-2044.1 -4573.4 -25.2 286 0 9.1 11.2 5.0 2.5 2 1 2 0 0
-1925.2 -4615.3 -27.9 6 0 22.1 18.0 7.5 2.5 2 0 3 0 0
-1955.3 -4336.8 -25.4 0 0 10.6 50.8 10.0 2.5 2 1 4 3 3
-2028.8 -4331.2 -23.9 182 0 7.8 19.1 5.0 2.5 4 1 2 1 1
-2035.7 -4400.4 -25.9 0 0 20.4 10.2 5.0 2.5 2 0 2 0 0
-4912.6 4545.1 -8.3 192 0 13.2 12.7 14.0 3.5 2 0 4 2 2
-5354.7 3820.3 13.5 102 0 16.8 16.8 14.0 3.5 2 1 4 3 3
-5355.3 3851.0 13.2 191 1 11.9 15.9 14.0 3.5 2 1 4 4 4
-4783.8 4595.8 -8.6 279 1 10.9 12.0 14.0 3.5 2 1 4 3 3
-5313.6 3899.1 13.0 101 1 10.0 11.2 14.0 3.5 2 1 4 5 5
-5313.8 3881.9 13.5 282 1 11.5 11.1 14.0 3.5 2 0 4 3 3
-5072.5 3858.6 16.2 97 0 9.3 12.7 10.5 3.5 2 1 3 4 4
-5085.0 3861.1 16.0 97 0 9.3 12.7 10.5 3.5 2 1 3 4 4
-4798.5 4533.2 -6.2 188 1 10.7 11.7 14.0 3.5 2 1 4 5 5
-5370.1 4853.1 -15.9 111 0 14.6 24.7 14.0 3.5 2 1 4 3 3
-5361.8 4887.5 -19.0 201 0 13.0 32.8 14.0 3.5 2 1 4 4 4
-5415.9 4821.5 -11.8 343 1 11.0 13.1 17.5 3.5 4 1 5 3 3
-5058.1 4449.7 -1.2 283 1 12.5 15.9 17.5 3.5 2 1 5 5 5
-4939.2 4449.7 -5.9 91 1 11.6 13.3 14.0 3.5 2 1 4 4 4
-4894.2 4417.7 -4.6 12 1 14.1 10.2 17.5 3.5 2 0 5 2 2
-5032.9 3977.9 14.6 294 0 28.8 17.9 14.0 3.5 2 0 4 4 4
-5003.8 4050.4 12.1 291 0 9.5 7.4 10.5 3.5 2 0 3 4 4
-5044.7 4019.9 13.1 1 1 11.0 12.0 14.0 3.5 2 1 4 5 5
-5029.5 4004.0 13.7 203 0 14.1 11.1 10.5 3.5 2 0 3 5 5
-4908.1 4077.9 12.3 227 1 10.6 13.7 14.0 3.5 2 1 4 3 3
-4977.2 3929.0 17.0 195 0 13.3 8.2 10.5 3.5 2 0 3 2 2
-4942.6 3945.3 16.6 290 0 16.1 10.3 10.5 3.5 2 0 3 4 4
-5131.6 3947.7 15.1 187 0 16.5 17.9 14.0 3.5 2 1 4 3 3
-5115.8 3917.8 15.6 278 0 10.0 12.6 10.5 3.5 2 1 3 1 1
-5043.0 3896.7 17.4 279 0 14.2 15.6 10.5 3.5 4 1 3 4 4
-4977.1 3894.7 17.4 287 0 34.2 26.9 14.0 0.0 0 0 4 3 3
-5036.1 3923.3 16.4 98 1 11.7 16.8 14.0 3.5 2 1 4 1 1
-5306.1 4828.9 -16.1 23 0 11.7 33.6 14.0 3.5 2 1 4 0 0
-5090.2 3972.9 14.6 177 1 12.5 14.7 14.0 0.0 0 1 4 1 1
-5590.1 3692.7 10.9 298 0 6.3 9.5 10.5 3.5 2 1 3 0 0
-5605.1 3701.8 10.6 297 0 6.9 9.1 10.5 3.5 2 1 3 4 4
-5629.2 3691.8 10.8 293 0 12.7 17.5 10.5 0.0 0 1 3 2 2
-5870.0 3763.8 8.8 194 0 10.6 14.5 10.5 3.5 2 1 3 2 2
-5839.5 3735.3 8.9 112 0 15.2 15.9 10.5 3.5 2 1 3 0 0
-5775.7 3748.0 9.2 289 0 12.4 16.2 10.5 3.5 2 1 3 4 4
-5760.8 3759.3 8.9 110 0 11.7 23.2 7.5 2.5 2 1 3 3 3
-5677.5 3709.2 10.3 289 0 10.9 12.4 10.5 3.5 2 1 3 3 3
-5021.9 4457.3 -4.2 102 1 11.1 13.1 17.5 3.5 2 1 5 3 3
-5553.2 3922.7 11.1 254 0 13.7 15.7 10.5 3.5 2 1 3 2 2
-5551.7 3888.0 11.1 18 0 8.9 11.7 10.5 3.5 2 1 3 2 2
-5585.1 3765.7 9.3 16 0 13.4 12.0 10.5 3.5 2 0 3 0 0
-5561.1 3849.1 11.2 21 0 7.4 12.3 10.5 3.5 2 1 3 2 2
-5242.3 4699.4 -12.7 25 0 6.5 11.4 14.0 3.5 2 1 4 3 3
-5222.9 4698.8 -12.1 294 0 11.3 36.5 17.5 3.5 2 1 5 1 1
-5203.5 4164.3 11.8 15 0 23.3 11.5 17.5 0.0 0 0 5 0 0
-4999.8 4664.0 -10.8 279 1 11.0 17.5 14.0 0.0 0 1 4 1 1
-5248.1 3996.6 13.1 286 0 9.8 26.5 14.0 3.5 4 1 4 3 3
-5432.8 3727.7 12.5 326 0 7.6 12.5 5.0 2.5 2 1 2 5 5
-5191.2 3949.2 14.2 106 0 24.4 12.8 14.0 3.5 2 0 4 1 1
-4857.6 4294.2 2.6 19 1 12.2 11.0 17.5 3.5 4 0 5 3 3
-4833.9 4300.2 4.5 197 1 11.6 13.5 14.0 3.5 2 1 4 4 4
-5296.5 4224.9 9.4 107 0 14.4 8.5 14.0 3.5 2 0 4 5 5
-5166.3 3998.2 13.9 14 0 10.5 9.8 10.5 3.5 2 0 3 1 1
-5174.0 4020.2 13.5 16 0 6.8 8.4 10.5 0.0 0 1 3 5 5
-5188.5 4066.5 12.2 349 0 40.1 47.0 10.5 0.0 0 1 3 2 2
-5146.9 4550.6 -2.2 192 0 9.6 14.5 17.5 3.5 2 1 5 3 3
-4852.2 4600.1 -9.6 191 1 12.1 13.4 17.5 3.5 2 1 5 1 1
-4065.2 -4003.7 9.3 23 0 17.2 10.6 5.0 2.5 2 0 2 1 1
-2849.3 3912.6 -2.3 311 0 23.3 36.1 14.0 0.0 0 1 4 0 0
-2818.1 3886.0 -2.7 311 0 24.6 51.5 14.0 3.5 2 1 4 1 1
-2573.7 2729.5 -3.3 309 0 15.0 41.5 17.5 0.0 0 1 5 3 3
-3773.5 4009.8 9.8 284 0 21.9 46.1 10.0 0.0 0 1 4 2 2
-3760.0 4008.9 10.2 195 0 15.8 15.9 7.5 2.5 2 1 3 3 3
-6814.1 -4691.4 -5.7 62 0 15.8 6.0 10.5 3.5 2 0 3 3 3
-6796.9 -4742.3 -7.2 65 0 9.3 12.6 10.5 3.5 2 1 3 3 3
-6850.5 -5193.1 -16.9 31 0 11.6 11.6 10.5 3.5 2 0 3 5 5
-6836.9 -5205.7 -17.1 212 1 10.3 13.4 14.0 3.5 4 1 4 3 3
-6853.8 -5227.1 -17.2 304 0 10.8 10.4 10.5 3.5 2 0 3 2 2
-4816.4 4550.8 -7.4 8 1 12.0 17.1 17.5 3.5 2 1 5 1 1
-4252.9 4624.2 -9.4 280 0 9.6 14.8 7.5 2.5 2 1 3 3 3
-4357.4 4626.8 -7.3 275 0 14.3 34.2 14.0 3.5 2 1 4 1 1
-4306.3 4571.3 -4.7 186 0 11.8 8.2 5.0 2.5 2 0 2 3 3
-4114.2 4429.1 -8.8 130 0 12.7 11.5 5.0 2.5 2 0 2 0 0
-4237.9 4516.0 -4.9 22 0 12.1 15.5 2.5 2.5 2 1 1 1 1
-5245.2 2271.8 15.6 207 0 14.9 13.1 14.0 3.5 2 0 4 1 1
-5056.7 2173.8 18.8 119 0 6.7 7.4 7.0 3.5 2 1 2 5 5
-4821.3 2029.2 21.6 108 0 13.1 12.3 3.5 3.5 2 0 1 0 0
-4722.6 2071.3 21.3 196 0 15.1 47.9 14.0 3.5 2 1 4 2 2
-4668.5 1972.8 21.0 8 0 15.3 8.8 3.5 3.5 2 0 1 2 2
-4654.3 2006.6 21.2 99 0 9.4 11.6 3.5 3.5 4 1 1 0 0
-4626.0 1995.6 21.0 102 0 28.3 35.4 10.5 0.0 0 1 3 2 2
-4655.9 1970.5 20.9 188 0 13.8 9.5 3.5 3.5 2 0 1 3 3
-4584.2 1963.7 20.6 292 0 12.3 10.3 7.0 3.5 2 0 2 3 3
-4557.2 1945.7 19.8 297 0 27.1 44.9 14.0 0.0 0 1 4 5 5
-4443.4 1920.8 17.8 65 0 6.2 8.0 10.5 3.5 2 1 3 3 3
-5474.8 -6275.5 -14.8 89 0 33.9 24.4 10.0 0.0 0 0 4 0 0
-5418.7 -6350.6 -14.2 75 0 34.9 22.4 12.5 0.0 0 0 5 4 4
-4717.3 4575.2 -7.6 9 0 24.3 17.5 14.0 3.5 2 0 4 2 2
-4717.9 4601.9 -8.1 96 1 10.9 13.5 14.0 3.5 2 1 4 2 2
-4621.7 4558.9 -4.1 189 1 12.1 10.9 14.0 3.5 2 0 4 4 4
-4537.6 4502.3 2.0 8 1 16.3 11.4 14.0 3.5 2 0 4 4 4
-4470.5 4492.1 2.7 6 1 16.1 10.1 14.0 3.5 2 0 4 3 3
-4419.2 4530.8 0.1 98 1 13.1 11.4 14.0 3.5 2 0 4 0 0
-4265.6 4269.8 3.7 69 1 16.4 13.8 14.0 3.5 2 0 4 3 3
-4215.3 4280.0 -1.0 165 1 11.2 17.5 14.0 3.5 4 1 4 0 0
-4262.6 4256.7 3.2 256 0 19.5 13.0 14.0 0.0 0 0 4 2 2
-3852.8 3987.3 9.2 15 0 10.9 9.7 5.0 2.5 2 0 2 2 2
-3830.2 3934.1 10.4 6 0 14.8 19.9 12.5 0.0 0 1 5 1 1
-3950.3 3974.5 7.1 281 0 11.2 20.0 7.5 2.5 4 1 3 2 2
-2264.2 3022.3 -14.5 54 1 15.4 12.1 14.0 3.5 2 0 4 4 4
-2264.0 2997.0 -13.9 151 1 12.0 18.2 17.5 3.5 2 1 5 1 1
-2237.7 2932.4 -12.1 329 0 21.4 20.1 17.5 3.5 4 0 5 0 0
-2171.0 2863.7 -8.1 31 1 13.6 12.1 14.0 3.5 2 0 4 0 0
-2150.2 2812.5 -5.5 345 1 10.6 20.0 14.0 3.5 2 1 4 1 1
-4709.8 3894.4 16.8 281 1 10.6 15.8 14.0 3.5 2 1 4 5 5
-4702.2 3927.5 15.8 3 1 11.1 17.7 14.0 3.5 2 1 4 5 5
-4855.9 3921.1 16.8 283 1 13.3 12.2 14.0 0.0 0 0 4 4 4
-4788.1 3904.3 16.8 283 1 10.0 14.2 14.0 3.5 2 1 4 2 2
-4841.3 4025.3 15.3 281 0 12.2 19.4 14.0 3.5 2 1 4 0 0
-4622.8 3999.8 14.9 102 1 10.1 20.5 14.0 3.5 2 1 4 0 0
-4638.7 3984.6 14.9 284 0 20.1 20.2 14.0 3.5 2 1 4 4 4
-4806.4 4039.6 14.7 101 1 15.3 13.1 14.0 3.5 2 0 4 1 1
-4707.3 4650.0 -9.6 8 0 8.6 30.8 14.0 0.0 0 1 4 5 5
-4707.4 4272.3 8.2 329 0 28.2 20.1 14.0 0.0 0 0 4 4 4
-6783.6 164.2 0.1 223 0 10.0 20.6 14.0 3.5 2 1 4 2 2
-6718.3 39.9 -0.7 296 1 12.4 10.9 14.0 3.5 2 0 4 0 0
-2012.2 -373.9 -7.8 352 0 17.4 12.7 5.0 2.5 2 0 2 3 3
-2002.1 -343.9 -8.1 169 0 18.0 7.8 5.0 2.5 2 0 2 3 3
-1869.0 -611.2 -13.6 93 0 6.7 18.0 5.0 2.5 2 1 2 2 2
-2655.1 -537.5 10.7 8 0 19.7 22.0 10.0 0.0 0 1 4 4 4
-2808.5 -388.7 16.7 276 0 15.3 18.6 7.5 2.5 2 1 3 3 3
-2781.3 -391.9 15.9 277 0 13.9 18.6 10.0 2.5 2 1 4 2 2
-2702.5 -400.5 13.2 275 0 14.9 14.1 5.0 2.5 2 0 2 4 4
-2800.4 -454.5 16.8 99 0 15.8 14.0 5.0 2.5 2 0 2 2 2
-2784.7 -480.6 16.5 275 0 7.3 9.8 2.5 2.5 2 1 1 2 2
-2737.6 -396.2 14.4 279 0 12.6 17.7 5.0 2.5 2 1 2 2 2
-2751.1 -394.8 14.9 282 0 8.4 11.3 5.0 2.5 2 1 2 0 0
-2785.5 -454.6 16.7 99 0 6.7 10.3 2.5 0.0 0 1 1 4 4
-2747.5 -477.6 15.3 277 0 11.9 14.7 5.0 2.5 2 1 2 4 4
-2734.5 -480.5 14.8 277 0 9.9 13.0 5.0 2.5 2 1 2 0 0
-2666.5 -485.7 11.2 278 0 19.1 7.8 7.5 2.5 2 0 3 3 3
-2519.7 -519.7 4.0 101 0 11.0 12.3 5.0 2.5 2 1 2 3 3
4070.5 -2137.0 -26.5 94 0 18.9 9.3 2.5 2.5 2 0 1 3 3
-6279.5 1081.5 8.0 161 0 28.4 34.9 14.0 0.0 0 1 4 4 4
-6258.9 882.3 3.0 72 0 36.3 29.4 14.0 0.0 0 0 4 0 0
-6235.2 890.0 3.5 71 0 13.6 29.5 14.0 3.5 4 1 4 5 5
-6222.6 894.3 3.6 71 0 13.0 29.6 14.0 3.5 2 1 4 4 4
-6185.4 928.1 4.5 340 0 14.9 24.8 14.0 0.0 0 1 4 5 5
-6180.1 913.7 4.1 340 0 15.8 24.9 14.0 3.5 2 1 4 5 5
-6218.6 882.3 2.3 251 0 73.4 18.0 14.0 3.5 2 0 4 4 4
-6199.8 854.4 2.1 71 0 55.9 14.5 14.0 3.5 2 0 4 4 4
-6166.1 827.4 1.8 159 0 16.6 18.4 14.0 3.5 2 1 4 0 0
-6160.4 809.2 1.2 159 0 16.8 27.6 14.0 3.5 2 1 4 1 1
-6123.1 957.1 4.2 250 0 42.5 71.3 14.0 0.0 0 1 4 3 3
-5997.6 809.8 2.2 69 0 18.9 32.2 14.0 0.0 0 1 4 2 2
-6048.0 850.5 2.3 159 0 37.6 38.5 14.0 0.0 0 1 4 5 5
-6001.8 888.6 2.3 248 0 37.0 37.6 14.0 0.0 0 1 4 5 5
-5935.8 877.3 2.3 24 0 10.7 30.5 14.0 0.0 0 1 4 3 3
-6025.4 931.1 4.9 70 0 9.4 27.8 14.0 3.5 2 1 4 5 5
-6045.2 967.3 5.8 159 0 23.9 37.3 14.0 0.0 0 1 4 5 5
-6065.5 983.2 6.2 159 0 15.2 50.6 14.0 3.5 2 1 4 5 5
-6008.0 937.4 4.9 70 0 27.6 27.8 14.0 0.0 0 1 4 2 2
-5992.2 979.2 5.1 250 0 22.4 33.9 14.0 0.0 0 1 4 1 1
-5962.1 972.6 4.5 160 0 33.2 23.2 14.0 0.0 0 0 4 1 1
-5977.8 998.9 5.6 71 0 46.8 24.7 14.0 0.0 0 0 4 1 1
-6033.1 1014.7 7.1 69 0 13.3 17.8 14.0 0.0 0 1 4 0 0
-6084.3 1083.8 8.2 249 0 13.6 51.5 14.0 3.5 2 1 4 4 4
-5956.5 1110.3 7.8 301 0 48.9 93.7 14.0 0.0 0 1 4 3 3
-5926.9 1003.6 4.2 160 0 56.2 71.6 14.0 0.0 0 1 4 2 2
-5923.0 1135.6 9.3 160 0 14.9 12.7 14.0 3.5 2 0 4 3 3
-5951.2 1231.0 11.0 339 0 18.4 21.2 14.0 0.0 0 1 4 1 1
-5922.2 1208.2 11.1 340 0 44.2 19.3 14.0 3.5 2 0 4 0 0
-5897.8 1174.1 9.8 161 0 31.5 25.0 14.0 0.0 0 0 4 0 0
-5890.2 1151.4 9.4 159 0 8.7 27.3 14.0 3.5 2 1 4 2 2
-5884.5 1135.1 8.8 162 0 12.6 28.9 14.0 0.0 0 1 4 0 0
-5880.2 1122.3 8.5 161 0 14.2 28.9 14.0 3.5 4 1 4 1 1
-5822.3 1143.5 8.1 340 0 44.1 31.8 14.0 0.0 0 0 4 1 1
-5811.5 1092.3 7.3 71 0 49.4 19.9 14.0 0.0 0 0 4 3 3
-6156.2 1054.6 8.6 249 0 7.1 24.2 14.0 3.5 2 1 4 4 4
-6068.1 825.8 1.7 342 0 68.6 31.9 14.0 0.0 0 0 4 1 1
-3728.0 2242.9 6.1 156 0 11.9 9.3 5.0 2.5 2 0 2 3 3
-3737.1 2258.6 7.0 155 0 10.7 10.8 5.0 2.5 2 1 2 1 1
-4013.4 2095.7 11.1 151 0 8.8 10.4 5.0 2.5 2 1 2 3 3
-3994.4 4373.3 -11.1 309 0 21.7 12.7 12.5 0.0 0 0 5 4 4
-4023.3 4360.3 -11.0 218 0 18.4 17.9 10.0 2.5 2 0 4 4 4
-3812.3 4041.8 8.0 193 0 10.3 10.8 5.0 2.5 2 1 2 2 2
-3268.6 3875.2 12.5 211 0 19.3 9.8 10.5 3.5 2 0 3 1 1
-3577.7 3646.1 9.8 279 0 9.7 8.7 2.5 0.0 0 0 1 0 0
-3402.3 4069.5 13.6 27 0 6.9 10.9 7.5 0.0 0 1 3 0 0
-3391.1 4071.2 13.3 61 0 6.7 7.6 2.5 2.5 2 1 1 1 1
-5172.9 -8449.9 -18.0 113 0 21.3 42.5 7.5 0.0 0 1 3 0 0
-5224.8 -8406.2 -18.1 198 0 19.0 51.0 10.0 2.5 2 1 4 2 2
-5232.4 -8401.0 -18.3 24 0 46.3 16.0 10.0 2.5 2 0 4 5 5
-5283.3 -8511.9 -20.4 203 0 24.9 101.9 12.5 0.0 0 1 5 3 3
-2476.3 1880.0 16.5 281 0 9.2 7.6 5.0 0.0 0 0 2 0 0
-4760.7 2369.9 19.9 58 0 31.2 94.6 14.0 0.0 0 1 4 1 1
-4815.2 2477.1 18.7 58 0 17.3 50.3 14.0 3.5 2 1 4 3 3
-4852.0 2549.5 18.8 327 0 48.0 14.0 14.0 3.5 2 0 4 1 1
-4851.6 2476.5 18.2 58 0 46.2 31.3 14.0 0.0 0 0 4 5 5
-4939.9 2452.5 18.0 146 0 30.3 46.0 14.0 0.0 0 1 4 3 3
-4826.9 2418.7 20.1 237 0 21.3 34.3 14.0 0.0 0 1 4 0 0
-4850.9 2403.5 20.2 238 0 29.9 47.0 14.0 0.0 0 1 4 0 0
-4897.8 2395.0 20.3 239 0 19.3 48.3 14.0 3.5 2 1 4 5 5
-4855.8 2307.6 19.8 149 0 47.8 21.7 14.0 3.5 2 0 4 3 3
-4804.3 2331.8 20.1 329 0 36.7 21.1 14.0 0.0 0 0 4 2 2
-4797.2 2288.2 19.7 239 0 68.1 20.7 14.0 3.5 2 0 4 4 4
-2551.5 -2108.2 -7.7 253 0 11.6 7.8 5.0 2.5 2 0 2 5 5
-2471.1 -1908.9 -1.0 101 0 15.0 38.5 10.0 2.5 2 1 4 2 2
5034.0 -2371.7 -27.6 238 0 27.7 46.8 10.0 0.0 0 1 4 3 3
5345.3 -3294.5 -23.2 143 0 12.3 18.6 5.0 2.5 2 1 2 2 2
5293.0 -3298.8 -22.9 138 0 10.6 20.8 5.0 2.5 4 1 2 4 4
-3814.0 3631.3 13.1 216 0 12.3 7.9 2.5 0.0 0 0 1 4 4
-3789.9 3631.2 12.8 3 0 6.7 10.3 10.0 2.5 2 1 4 4 4
-3925.5 3583.1 10.8 105 0 36.7 19.8 12.5 0.0 0 0 5 5 5
-3938.9 3672.0 11.6 283 0 8.7 17.4 5.0 2.5 2 1 2 2 2
-750.7 -1906.5 -21.9 262 0 19.6 10.6 5.0 2.5 2 0 2 5 5
-876.7 -1932.1 -23.2 265 0 19.0 11.0 5.0 2.5 2 0 2 5 5
-162.7 -1622.6 -21.8 94 0 16.0 12.2 5.0 0.0 0 0 2 2 2
-52.6 -1655.5 -22.0 239 0 9.0 7.9 7.5 2.5 2 0 3 4 4
-588.4 -1776.9 -25.5 64 0 37.3 20.6 10.0 0.0 0 0 4 1 1
-690.4 -2058.4 -23.4 237 0 12.8 16.1 7.0 0.0 0 1 2 5 5
-700.4 -2075.0 -24.3 239 0 9.9 38.8 10.0 2.5 2 1 4 5 5
-2613.2 2445.4 9.9 45 0 21.2 16.0 17.5 3.5 4 0 5 5 5
-2556.9 2099.3 18.1 186 0 6.5 12.1 14.0 3.5 2 1 4 4 4
-2867.6 2730.1 6.7 209 0 6.4 7.7 14.0 3.5 2 1 4 4 4
-2686.4 2108.8 18.1 295 0 6.8 11.1 14.0 3.5 2 1 4 5 5
-2395.3 2154.9 12.2 75 1 10.5 12.3 14.0 3.5 2 1 4 2 2
-2423.7 2145.7 12.9 76 0 10.3 26.7 14.0 3.5 2 1 4 4 4
-2538.1 2119.1 17.1 78 0 7.8 9.6 10.5 3.5 2 1 3 1 1
-2737.8 2834.3 -0.2 257 0 7.0 9.2 17.5 3.5 2 1 5 1 1
-2465.0 2406.9 7.6 118 0 17.4 11.1 10.5 3.5 4 0 3 0 0
-2887.4 2736.0 7.5 279 1 10.4 19.3 14.0 3.5 2 1 4 3 3
-2766.8 2659.9 1.9 299 0 18.5 10.9 14.0 3.5 2 0 4 3 3
-2570.6 2471.9 9.3 210 0 8.9 11.8 10.5 3.5 2 1 3 2 2
-2824.2 2648.2 4.1 21 0 27.2 26.1 14.0 3.5 2 0 4 2 2
-2658.2 2780.3 -3.0 219 0 7.5 8.5 17.5 3.5 4 1 5 4 4
4874.5 -3520.9 -23.4 295 0 13.8 8.7 5.0 2.5 2 0 2 2 2
4813.2 -3430.7 -24.7 333 0 12.7 8.5 5.0 2.5 2 0 2 3 3
4796.7 -3427.6 -25.0 145 0 6.5 12.0 5.0 2.5 2 1 2 5 5
-2625.2 -3122.8 -8.6 149 0 6.4 10.2 5.0 2.5 2 1 2 3 3
-2660.8 -3067.1 -7.9 128 0 15.5 10.4 5.0 2.5 2 0 2 0 0
-2718.4 -3060.6 -7.2 313 0 13.9 8.2 5.0 2.5 2 0 2 4 4
-2701.3 -3089.8 -7.6 326 0 18.5 10.9 5.0 2.5 2 0 2 2 2
-2726.4 -2909.6 -6.2 15 0 10.3 23.3 7.5 2.5 2 1 3 2 2
-2765.1 -2990.1 -5.5 128 0 15.8 7.5 7.5 2.5 2 0 3 0 0
-2697.3 -2998.0 -7.4 36 0 18.3 21.3 12.5 2.5 2 1 5 1 1
-2791.8 -2970.0 -4.7 120 0 10.8 20.1 15.0 0.0 0 1 6 4 4
-2826.1 -2949.7 -3.9 121 0 42.1 11.8 15.0 0.0 0 0 6 1 1
-2560.2 -3185.6 -9.8 33 0 9.6 11.3 2.5 2.5 2 1 1 1 1
-2540.5 -3135.3 -10.2 195 0 9.5 18.1 5.0 2.5 4 1 2 1 1
-2750.7 -3163.0 -6.6 97 0 16.0 20.6 10.0 2.5 2 1 4 3 3
-2747.5 -3221.4 -5.3 11 0 19.2 21.3 10.0 2.5 2 1 4 1 1
-3189.3 -3101.1 16.6 182 0 14.3 19.2 7.5 2.5 2 1 3 0 0
-2959.1 -3150.9 4.1 98 0 17.5 15.3 10.0 2.5 4 0 4 5 5
4899.8 -3590.0 -22.9 349 0 8.9 14.0 5.0 0.0 0 1 2 4 4
4910.0 -3481.5 -21.8 19 0 12.3 7.5 5.0 2.5 2 0 2 4 4
4878.6 -3318.4 -24.1 29 0 7.8 12.0 2.5 2.5 4 1 1 2 2
4892.6 -3339.7 -23.2 333 0 12.5 7.9 2.5 2.5 4 0 1 3 3
4916.6 -3390.1 -22.1 342 0 8.8 11.1 5.0 2.5 2 1 2 5 5
4914.7 -3464.6 -22.1 11 0 11.7 7.9 7.5 2.5 2 0 3 3 3
4894.4 -3350.8 -22.7 278 0 7.9 16.4 2.5 2.5 2 1 1 3 3
4841.7 -3432.5 -23.7 151 0 13.2 8.0 5.0 0.0 0 0 2 4 4
4838.8 -3384.3 -23.0 72 0 14.2 11.6 2.5 0.0 0 0 1 2 2
4892.9 -3391.5 -22.4 258 0 12.3 7.9 2.5 2.5 2 0 1 2 2
4868.4 -3373.8 -22.7 72 0 14.4 11.0 2.5 2.5 4 0 1 0 0
4891.0 -3497.3 -22.3 89 0 12.5 8.4 5.0 2.5 2 0 2 1 1
4855.7 -3457.7 -23.9 154 0 12.2 10.1 5.0 2.5 2 0 2 1 1
4878.1 -3395.7 -22.7 253 0 11.6 7.6 5.0 2.5 2 0 2 4 4
4919.0 -3413.5 -22.3 353 0 11.4 8.3 5.0 2.5 2 0 2 3 3
4852.8 -3378.2 -22.8 72 0 14.4 11.7 5.0 0.0 0 0 2 5 5
4844.7 -3410.2 -23.4 223 0 12.0 7.9 2.5 2.5 4 0 1 0 0
4827.8 -3206.9 -25.8 53 0 7.6 11.3 5.0 2.5 2 1 2 2 2
4829.4 -3209.1 -25.6 247 0 7.7 12.4 2.5 2.5 2 1 1 0 0
4841.5 -3313.2 -24.5 245 0 11.8 7.4 5.0 2.5 2 0 2 3 3
4791.1 -3308.5 -25.5 68 0 12.0 9.6 5.0 2.5 2 0 2 3 3
4804.0 -3192.8 -26.0 286 0 16.6 7.1 7.5 2.5 2 0 3 3 3
4777.3 -3311.9 -25.7 65 0 11.4 8.6 5.0 2.5 2 0 2 1 1
4780.5 -3185.8 -26.2 285 0 16.5 7.8 5.0 2.5 2 0 2 3 3
4846.9 -3288.2 -24.8 47 0 12.9 9.4 7.5 2.5 2 0 3 3 3
4819.0 -3300.8 -25.1 70 0 11.5 9.4 5.0 2.5 2 0 2 0 0
4771.9 -3327.1 -25.7 67 0 7.7 12.0 2.5 2.5 2 1 1 2 2
4778.6 -3332.6 -25.5 337 0 12.0 7.5 5.0 2.5 2 0 2 2 2
4730.4 -3287.9 -26.1 206 0 14.1 12.4 5.0 0.0 0 0 2 0 0
4727.4 -3314.2 -26.2 114 0 15.4 16.3 5.0 2.5 2 1 2 2 2
4761.6 -3218.3 -26.2 195 0 9.6 10.1 5.0 0.0 0 1 2 1 1
4743.9 -3169.0 -26.2 281 0 14.3 15.2 5.0 2.5 2 1 2 3 3
4734.3 -3227.5 -26.3 18 0 15.5 9.6 5.0 2.5 2 0 2 3 3
4748.9 -3195.7 -26.6 15 0 15.1 14.1 5.0 2.5 4 0 2 3 3
4394.2 -1810.9 -22.3 122 0 11.2 17.9 5.0 2.5 2 1 2 4 4
-5666.9 1591.8 14.5 110 1 10.1 16.8 14.0 3.5 2 1 4 1 1
-5669.0 1656.1 14.0 205 0 21.0 18.1 14.0 3.5 2 0 4 3 3
-227.1 -1703.1 -21.5 48 0 13.1 6.8 2.5 2.5 2 0 1 3 3
5051.3 -2499.5 -26.4 175 0 14.9 6.3 5.0 2.5 2 0 2 1 1
5111.3 -2488.5 -27.3 315 0 7.4 7.5 5.0 2.5 2 1 2 2 2
3887.4 -2671.1 -25.5 121 0 6.1 24.8 5.0 2.5 2 1 2 1 1
4309.2 -2667.0 -26.4 205 0 9.6 11.0 2.5 2.5 2 1 1 4 4
4334.7 -2684.3 -26.9 110 0 10.4 26.7 12.5 2.5 2 1 5 1 1
4201.2 -2330.2 -21.3 90 0 7.6 10.5 5.0 2.5 2 1 2 2 2
4274.9 -2386.7 -23.4 130 0 8.2 14.1 2.5 2.5 2 1 1 1 1
3231.0 -3171.1 -27.4 254 0 19.7 12.6 2.5 2.5 2 0 1 4 4
4304.1 -2085.8 -22.1 167 0 7.1 10.8 7.5 2.5 2 1 3 2 2
4615.4 -2159.8 -24.3 127 0 16.1 21.4 10.0 0.0 0 1 4 4 4
4794.8 -2543.3 -26.4 158 0 22.0 33.6 10.0 0.0 0 1 4 3 3
4587.7 -2406.7 -26.9 187 0 11.2 35.6 7.5 2.5 2 1 3 0 0
-4928.8 1376.2 23.3 99 0 15.5 37.9 14.0 3.5 2 1 4 0 0
-5530.9 1727.3 13.2 301 0 57.2 78.1 14.0 0.0 0 1 4 0 0
-5508.2 1725.3 13.5 120 0 53.7 35.8 14.0 0.0 0 0 4 0 0
-5294.2 1331.3 19.5 241 0 33.6 88.6 14.0 0.0 0 1 4 5 5
-5251.5 1332.3 20.5 150 0 38.0 87.1 14.0 0.0 0 1 4 0 0
-5249.4 1172.4 17.4 353 0 7.0 87.2 14.0 0.0 0 1 4 1 1
-5248.2 1085.3 18.3 139 0 51.7 53.6 14.0 0.0 0 1 4 4 4
-5020.0 1017.2 19.5 43 0 28.8 45.6 10.5 0.0 0 1 3 3 3
-5667.9 -1015.8 5.7 220 0 15.5 11.2 10.5 3.5 2 0 3 3 3
-5723.1 3369.3 12.7 19 0 21.2 13.2 10.5 3.5 2 0 3 0 0
-4263.4 -8178.7 -10.1 320 0 8.0 14.0 5.0 2.5 2 1 2 5 5
-4546.3 2402.0 19.0 142 0 64.7 37.4 14.0 0.0 0 0 4 5 5
-4562.3 2404.8 19.1 322 0 48.1 17.5 14.0 3.5 2 0 4 1 1
-4603.8 2401.0 19.3 232 0 19.1 52.6 14.0 3.5 2 1 4 0 0
-5621.2 -315.2 6.0 265 1 10.3 13.3 14.0 3.5 4 1 4 0 0
-6784.4 4161.8 13.7 359 0 8.9 14.0 10.5 3.5 4 1 3 3 3
-4812.0 4451.3 -3.6 186 0 13.2 9.7 17.5 3.5 2 0 5 1 1
-4809.5 4466.5 -4.7 186 0 12.9 9.3 17.5 3.5 2 0 5 0 0
-6445.0 -4628.6 -8.8 181 0 6.6 36.2 14.0 3.5 2 1 4 1 1
-6370.5 -4690.5 -8.8 327 0 9.3 9.6 14.0 3.5 2 1 4 2 2
-6478.2 -4654.8 -7.8 58 0 16.2 16.1 10.5 3.5 2 0 3 2 2
-6468.0 -4681.1 -8.5 193 0 8.7 22.5 14.0 3.5 2 1 4 5 5
-6063.6 4777.1 -7.0 196 0 29.0 11.5 10.0 2.5 2 0 4 5 5
-6013.3 4839.3 -12.1 282 0 15.5 8.3 10.5 0.0 0 0 3 5 5
-5995.1 4838.3 -12.2 284 0 16.4 11.8 10.5 2.5 4 0 3 2 2
-2784.1 1958.3 18.7 170 0 26.5 59.1 14.0 0.0 0 1 4 5 5
-4961.9 999.8 21.2 117 0 20.6 20.4 14.0 3.5 2 0 4 4 4
-4945.5 991.3 21.7 117 0 16.4 20.4 14.0 3.5 2 1 4 0 0
-4928.0 982.0 22.2 118 0 23.3 20.4 14.0 3.5 2 0 4 0 0
-4917.5 1040.1 21.3 296 0 33.8 14.6 14.0 3.5 2 0 4 1 1
-1612.3 1213.8 -18.5 81 0 19.8 28.0 10.0 0.0 0 1 4 2 2
-2839.2 -6220.7 -23.7 283 0 14.8 9.2 5.0 2.5 2 0 2 2 2
-2836.8 -6212.2 -23.4 103 0 14.8 9.2 5.0 2.5 2 0 2 0 0
-2867.4 -6185.8 -22.9 283 0 14.8 9.2 2.5 2.5 4 0 1 0 0
868.1 -3348.5 -26.1 113 0 22.5 24.5 7.5 2.5 2 1 3 4 4
899.2 -3351.8 -26.1 294 0 18.3 15.8 7.5 0.0 0 0 3 0 0
5001.6 -4768.0 -10.6 1 0 13.4 22.6 12.5 0.0 0 1 5 0 0
-3285.3 -4019.9 12.8 278 0 14.9 59.1 12.5 0.0 0 1 5 4 4
-3405.4 -3931.4 18.3 237 0 10.2 9.9 5.0 0.0 0 0 2 0 0
-2818.0 -6330.1 -25.2 278 0 7.3 13.4 10.5 2.5 2 1 3 1 1
-4087.5 855.7 23.6 315 0 18.8 11.7 5.0 2.5 2 0 2 1 1
-4061.4 851.2 24.1 270 0 9.6 17.6 5.0 2.5 2 1 2 3 3
-4086.1 843.9 24.1 225 0 14.6 19.8 5.0 2.5 2 1 2 3 3
-4200.1 1017.5 20.4 94 0 36.0 59.6 10.0 0.0 0 1 4 0 0
-4121.5 1054.6 20.7 289 0 15.1 40.3 10.0 2.5 2 1 4 2 2
2338.6 -1881.9 -24.2 239 0 30.6 29.0 10.0 0.0 0 0 4 4 4
2459.2 -1833.1 -23.5 45 0 31.7 43.9 12.5 0.0 0 1 5 2 2
2639.2 -1443.7 -25.3 272 0 7.0 100.5 12.5 0.0 0 1 5 4 4
2682.0 -1539.2 -24.4 39 0 10.7 28.1 7.5 2.5 2 1 3 4 4
2653.8 -1574.9 -23.9 40 0 11.0 6.6 10.0 2.5 4 0 4 0 0
2622.1 -1550.8 -24.7 219 0 14.2 16.4 7.5 2.5 2 1 3 4 4
2578.7 -1585.4 -25.8 219 0 13.4 8.5 2.5 0.0 0 0 1 2 2
2593.9 -1724.7 -22.8 226 0 8.2 18.0 7.5 2.5 2 1 3 1 1
2574.0 -1663.7 -24.7 135 0 34.3 45.1 10.0 2.5 2 1 4 0 0
2454.6 -2202.6 -27.7 237 0 13.5 29.7 10.0 2.5 2 1 4 3 3
3160.5 -2141.1 -26.8 183 0 15.8 10.6 7.5 2.5 2 0 3 4 4
3187.5 -2138.6 -26.9 3 0 28.1 15.6 10.0 2.5 2 0 4 2 2
3203.4 -2139.3 -26.9 3 0 28.1 15.6 7.5 2.5 2 0 3 1 1
3154.8 -2115.0 -26.6 183 0 14.7 61.1 7.5 2.5 4 1 3 5 5
3181.4 -2097.2 -26.4 272 0 40.2 8.3 7.5 2.5 2 0 3 5 5
2867.2 -1907.4 -26.8 93 0 39.1 106.0 10.0 0.0 0 1 4 4 4
2843.5 -1814.8 -27.1 4 0 14.8 37.1 10.0 2.5 2 1 4 0 0
2623.9 -1960.9 -22.9 93 0 30.8 24.3 7.5 0.0 0 0 3 3 3
2988.2 -2015.3 -26.2 2 0 46.9 170.4 15.0 0.0 0 1 6 4 4
2792.4 -1944.9 -25.5 184 0 40.2 58.0 10.0 0.0 0 1 4 1 1
2781.2 -1975.0 -24.1 3 0 51.3 34.9 12.5 0.0 0 0 5 5 5
2983.9 -2323.8 -25.8 321 0 11.2 15.8 7.5 2.5 2 1 3 2 2
3137.2 -2231.4 -27.4 4 0 25.4 88.1 7.5 0.0 0 1 3 0 0
3048.1 -2249.5 -27.3 183 0 17.3 30.3 7.5 0.0 0 1 3 3 3
3047.6 -2117.6 -26.5 4 0 63.9 112.5 10.0 0.0 0 1 4 2 2
3811.5 -1963.1 -24.9 53 0 18.3 10.0 5.0 2.5 2 0 2 5 5
3803.5 -1944.4 -25.6 106 0 10.9 46.9 7.5 2.5 2 1 3 1 1
3661.7 -1482.0 -26.9 47 0 63.2 37.6 7.5 0.0 0 0 3 5 5
4014.5 -1932.4 -26.3 18 0 44.2 93.2 7.5 0.0 0 1 3 3 3
3738.3 -1859.9 -26.7 196 0 26.8 14.1 10.0 2.5 4 0 4 3 3
3790.1 -1863.0 -27.3 16 0 44.8 30.3 12.5 0.0 0 0 5 2 2
3763.0 -1791.2 -27.3 309 0 8.4 23.5 10.0 2.5 2 1 4 4 4
3844.3 -1650.8 -26.6 261 0 33.7 51.3 7.5 0.0 0 1 3 2 2
3746.8 -1680.5 -26.7 125 0 60.8 118.0 7.5 0.0 0 1 3 2 2
3718.2 -1718.2 -27.2 130 0 56.4 20.8 5.0 2.5 2 0 2 5 5
3818.6 -1783.1 -27.5 217 0 35.4 30.5 15.0 0.0 0 0 6 5 5
3807.4 -1769.4 -27.5 304 0 16.5 31.3 10.0 2.5 2 1 4 3 3
3797.4 -1701.3 -26.9 213 0 33.8 17.4 7.5 0.0 0 0 3 3 3
3798.2 -1747.6 -27.2 123 0 54.3 17.6 10.0 2.5 2 0 4 1 1
-5336.4 1993.7 15.8 182 0 28.1 57.2 14.0 0.0 0 1 4 2 2
-5352.9 1862.0 15.6 28 0 9.8 44.6 14.0 0.0 0 1 4 5 5
-4506.5 -8604.4 -12.6 85 0 15.1 14.7 5.0 2.5 2 0 2 2 2
-5323.1 1718.1 16.1 85 0 18.1 51.1 14.0 0.0 0 1 4 1 1
-4983.9 1139.2 18.8 223 0 73.6 58.0 10.5 0.0 0 0 3 1 1
-5013.4 1116.0 18.9 15 0 7.2 37.4 14.0 0.0 0 1 4 3 3
-5398.9 1557.8 16.3 190 0 18.1 18.5 14.0 3.5 2 1 4 1 1
-4642.5 4003.9 14.9 101 0 8.2 17.2 7.0 3.5 2 1 2 5 5
4650.8 -1060.0 -27.3 103 0 9.9 20.1 5.0 2.5 4 1 2 1 1
5520.4 -4697.2 -1.1 273 0 10.8 29.1 10.0 2.5 2 1 4 0 0
6254.5 -1911.3 -26.2 108 0 9.4 23.8 5.0 2.5 2 1 2 0 0
-4938.8 969.7 22.7 289 0 25.6 20.8 14.0 3.5 2 0 4 0 0
-4860.9 986.3 21.8 16 0 49.7 24.5 14.0 3.5 4 0 4 4 4
-5171.0 1542.0 22.0 34 0 9.1 33.0 3.5 3.5 2 1 1 0 0
-5451.0 1611.7 14.8 51 0 24.5 49.9 10.5 3.5 2 1 3 1 1
-5431.8 1627.3 14.4 51 0 24.8 45.1 10.5 0.0 0 1 3 0 0
-5440.1 2323.6 12.7 282 0 21.1 75.3 14.0 0.0 0 1 4 3 3
-5379.6 2959.7 14.5 210 0 32.9 31.9 14.0 0.0 0 0 4 1 1
-4657.0 4326.6 5.2 187 0 12.7 17.7 14.0 3.5 2 1 4 1 1
-4548.9 4410.4 4.3 8 0 49.0 24.8 14.0 3.5 2 0 4 5 5
-2764.3 2746.5 1.4 301 0 56.8 32.2 17.5 0.0 0 0 5 0 0
-2673.6 2692.0 0.2 227 0 17.7 55.7 17.5 0.0 0 1 5 2 2
-2760.3 3202.4 -9.5 21 0 6.0 66.6 3.5 3.5 2 1 1 2 2
-2367.5 3131.4 -15.0 302 0 15.3 36.3 17.5 3.5 2 1 5 5 5
-2343.9 3149.1 -15.1 297 0 9.8 15.5 17.5 3.5 2 1 5 2 2
-2378.9 3153.3 -14.5 120 0 6.6 14.9 17.5 3.5 2 1 5 4 4
-2386.2 3157.5 -14.4 120 0 10.4 22.8 17.5 3.5 4 1 5 1 1
-3088.6 987.8 17.1 306 0 58.9 70.1 5.0 0.0 0 1 2 5 5
-5356.4 1445.6 16.9 149 0 17.3 48.0 14.0 0.0 0 1 4 3 3
-5433.4 1437.1 17.0 118 0 18.0 28.5 14.0 3.5 2 1 4 3 3
-5399.1 1442.1 16.4 29 0 41.9 20.1 14.0 3.5 2 0 4 3 3
-2455.0 -4142.3 -12.5 0 0 15.0 19.2 10.0 2.5 2 1 4 0 0
-2483.8 -4097.4 -11.8 182 0 12.7 34.8 10.0 2.5 4 1 4 5 5
-6862.8 -2480.1 -7.2 181 0 10.5 13.0 17.5 3.5 2 1 5 5 5
-6840.4 -2431.7 -7.9 359 0 9.9 14.0 17.5 0.0 0 1 5 5 5
-6866.1 -2431.9 -7.9 181 0 9.6 8.6 17.5 3.5 2 0 5 4 4
-6875.3 -2427.3 -8.1 1 0 9.0 11.9 17.5 3.5 2 1 5 5 5
-6897.9 -2423.0 -8.2 272 0 11.4 9.0 17.5 3.5 2 0 5 4 4
-6913.3 -2422.4 -8.3 271 0 12.1 9.5 17.5 3.5 2 0 5 2 2
-6929.4 -2422.3 -8.5 268 0 12.1 9.9 17.5 3.5 2 0 5 5 5
-6945.2 -2648.6 -10.1 90 0 11.2 55.0 17.5 3.5 2 1 5 1 1
-6945.6 -2580.6 -9.6 89 0 10.7 45.8 17.5 3.5 4 1 5 3 3
-6875.0 -2513.4 -8.9 0 0 8.8 79.7 17.5 3.5 2 1 5 5 5
-6945.7 -2424.0 -8.7 271 0 8.0 33.9 17.5 0.0 0 1 5 0 0
-3124.4 878.8 17.8 308 0 42.9 37.6 10.0 2.5 2 0 4 2 2
-4928.4 1577.3 22.0 273 0 26.9 36.3 10.5 0.0 0 1 3 1 1
-4849.3 1578.1 22.4 27 0 40.5 25.0 10.5 3.5 2 0 3 3 3
-4286.3 2595.3 17.5 298 0 26.3 75.7 7.5 0.0 0 1 3 1 1
-2209.5 3396.4 -19.4 309 0 54.7 9.2 17.5 3.5 2 0 5 2 2
-3363.1 -3997.4 16.2 38 0 33.3 13.4 7.5 2.5 2 0 3 0 0
-3438.9 3231.8 15.8 198 0 27.6 6.7 10.5 3.5 2 0 3 0 0
-4634.1 859.2 21.0 105 0 6.3 10.7 10.5 3.5 4 1 3 0 0
-4595.3 816.0 21.1 105 0 7.9 10.9 10.5 3.5 4 1 3 2 2
-4602.6 818.2 21.1 109 0 7.4 10.8 10.5 3.5 2 1 3 3 3
-4612.6 822.4 21.1 108 0 6.4 9.6 10.5 3.5 2 1 3 1 1
-4621.2 829.9 21.1 200 0 10.5 6.7 10.5 3.5 2 0 3 3 3
-4257.9 4375.5 -0.5 148 1 16.7 12.8 14.0 3.5 2 0 4 3 3
-4272.9 4403.1 -0.7 149 1 11.1 13.3 14.0 3.5 2 1 4 5 5
-5223.9 1615.8 21.0 356 0 11.5 7.7 14.0 3.5 2 0 4 3 3
-5267.1 1023.6 17.7 60 0 15.4 31.3 14.0 0.0 0 1 4 5 5
-6942.7 2377.9 -3.1 73 0 18.2 11.5 17.5 3.5 2 0 5 2 2
-6561.0 4240.8 7.8 193 0 268.5 176.1 10.0 0.0 0 0 4 3 3
-5280.6 2161.6 15.3 15 0 9.3 6.1 14.0 3.5 2 0 4 1 1
-5327.6 2143.9 15.2 23 0 7.5 13.6 14.0 3.5 2 1 4 2 2
-5324.7 2150.8 15.1 23 0 7.4 13.3 14.0 3.5 2 1 4 5 5
-5325.9 2126.2 15.5 23 0 7.5 13.6 14.0 3.5 2 1 4 5 5
-5323.0 2133.1 15.4 23 0 7.4 13.3 14.0 3.5 2 1 4 3 3
-5325.7 2115.3 15.7 24 0 11.5 8.2 14.0 3.5 2 0 4 5 5
-5371.2 1989.5 15.9 117 0 8.7 13.7 14.0 3.5 2 1 4 2 2
-5460.8 1933.0 14.9 114 0 10.9 52.6 14.0 0.0 0 1 4 4 4
-1993.4 -3787.3 -23.7 271 0 41.0 19.3 12.5 2.5 2 0 5 5 5
-5293.6 1469.1 18.2 318 0 30.9 15.5 14.0 3.5 2 0 4 1 1
-5295.8 1385.2 18.9 152 0 39.3 15.2 14.0 3.5 2 0 4 0 0
-3190.9 2179.0 15.5 160 0 14.0 58.8 2.5 2.5 2 1 1 1 1
-6912.3 -1011.8 -7.5 181 0 37.5 7.4 14.0 3.5 2 0 4 2 2
-5674.2 1416.9 13.3 188 0 22.4 14.7 10.0 2.5 2 0 4 3 3
-3164.7 2165.5 16.0 195 0 14.7 26.1 5.0 2.5 2 1 2 0 0
-3047.3 2149.2 15.6 13 0 26.0 21.2 10.0 2.5 2 0 4 3 3
-3057.7 2203.8 14.5 102 0 13.3 8.7 14.0 3.5 2 0 4 2 2
-3072.4 2207.0 14.4 102 0 13.3 8.7 14.0 3.5 2 0 4 1 1
-3042.9 2200.5 14.3 102 0 13.3 8.7 14.0 3.5 2 0 4 0 0
-3027.9 2197.6 14.0 102 0 13.3 8.7 14.0 0.0 0 0 4 1 1
-3012.6 2194.3 14.0 102 0 13.3 8.7 14.0 3.5 2 0 4 1 1
-2997.9 2191.0 14.0 102 0 13.3 8.7 14.0 0.0 0 0 4 4 4
-2982.4 2187.5 13.9 102 0 13.3 8.7 14.0 3.5 2 0 4 4 4
-2966.5 2184.2 13.8 102 0 13.3 8.7 14.0 3.5 2 0 4 3 3
-2951.8 2181.5 13.7 102 0 13.3 8.7 14.0 3.5 4 0 4 2 2
-2936.7 2178.5 13.5 102 0 13.3 8.7 14.0 3.5 2 0 4 1 1
-2921.8 2175.2 13.4 102 0 13.3 8.7 14.0 3.5 2 0 4 5 5
-2906.7 2172.6 13.2 102 0 13.3 8.7 14.0 0.0 0 0 4 1 1
-2890.0 2168.4 13.1 102 0 13.3 8.7 14.0 3.5 2 0 4 3 3
-2894.5 2139.1 13.4 282 0 13.3 8.7 14.0 3.5 2 0 4 0 0
-2909.7 2142.0 13.5 282 0 13.3 8.7 14.0 3.5 2 0 4 0 0
-2933.5 2147.3 13.8 282 0 13.3 8.7 14.0 3.5 2 0 4 5 5
-2958.7 2152.7 14.1 282 0 13.3 8.7 14.0 3.5 2 0 4 2 2
-2983.9 2157.1 14.4 282 0 13.3 8.7 14.0 3.5 2 0 4 5 5
-3006.1 2162.2 14.7 282 0 13.3 8.7 14.0 3.5 4 0 4 2 2
-3039.6 2164.6 15.0 192 0 8.7 13.3 14.0 0.0 0 1 4 4 4
-3062.3 2671.2 7.0 195 0 10.4 11.7 14.0 3.5 2 1 4 2 2
-4360.2 2423.3 19.8 30 0 12.7 32.6 7.5 2.5 2 1 3 2 2
-4365.9 2357.0 19.9 47 0 61.8 37.3 10.0 0.0 0 0 4 0 0
-4468.2 2364.3 19.7 322 0 58.6 37.3 14.0 0.0 0 0 4 0 0
-4695.8 2221.9 21.0 301 0 36.5 18.2 14.0 3.5 2 0 4 3 3
-4657.1 2205.2 20.8 31 0 36.8 19.6 14.0 0.0 0 0 4 4 4
-6518.9 4968.7 -1.7 100 0 6.7 11.3 7.5 2.5 2 1 3 1 1
-6511.1 4933.1 0.8 117 0 7.3 8.0 2.5 2.5 2 1 1 1 1
-6407.0 5049.6 -11.9 26 0 7.2 9.1 2.5 2.5 2 1 1 1 1
-6759.0 319.4 -1.7 342 0 9.8 13.1 7.0 3.5 2 1 2 2 2
-2743.3 3169.2 -8.5 141 0 14.5 22.9 10.5 3.5 2 1 3 5 5
3782.4 -4562.3 -23.5 257 0 6.7 6.9 5.0 2.5 2 1 2 5 5
3780.9 -4551.5 -24.8 143 0 12.9 16.1 7.5 2.5 2 1 3 5 5
-3334.0 1739.5 18.8 75 0 14.0 29.1 10.0 2.5 2 1 4 5 5
-4408.9 -3405.1 5.5 258 0 75.7 61.8 12.5 0.0 0 0 5 4 4
-5642.8 1402.0 13.2 98 0 17.9 26.0 7.5 2.5 2 1 3 2 2
438.6 -2071.0 -23.7 97 0 25.7 86.4 10.0 0.0 0 1 4 4 4
229.3 -2016.1 -25.0 101 0 25.3 17.6 10.0 2.5 2 0 4 3 3
234.7 -1910.0 -25.0 280 0 18.9 37.1 12.5 0.0 0 1 5 4 4
225.6 -1966.0 -25.0 191 0 39.3 22.4 10.0 0.0 0 0 4 4 4
292.7 -1920.6 -24.2 280 0 84.4 43.0 15.0 0.0 0 0 6 4 4
-6859.6 1286.6 1.6 121 0 29.7 15.5 7.5 2.5 2 0 3 4 4
-6903.0 989.8 -4.8 278 0 9.3 11.8 17.5 3.5 2 1 5 1 1
-6914.8 991.2 -4.5 278 0 9.3 11.8 17.5 0.0 0 1 5 3 3
-6926.6 992.9 -4.1 278 0 9.3 11.8 17.5 3.5 2 1 5 5 5
-6955.5 998.9 -3.8 230 0 11.6 25.8 17.5 3.5 2 1 5 0 0
-6946.8 1025.0 -1.9 51 0 9.3 11.8 17.5 3.5 2 1 5 3 3
-6937.9 1032.4 -1.9 51 0 9.3 11.8 17.5 3.5 2 1 5 5 5
-6928.7 1039.9 -1.8 51 0 9.3 11.8 17.5 3.5 4 1 5 4 4
-6919.2 1047.0 -1.5 51 0 9.3 11.8 17.5 0.0 0 1 5 4 4
-6910.1 1055.3 -1.3 51 0 9.3 11.8 17.5 0.0 0 1 5 2 2
-6900.7 1062.1 -1.2 51 0 9.3 11.8 17.5 3.5 4 1 5 4 4
-6892.2 1070.2 -1.0 51 0 9.3 11.8 17.5 3.5 2 1 5 3 3
-6883.2 1076.8 -0.9 51 0 9.3 11.8 17.5 3.5 2 1 5 0 0
-6822.5 1036.6 -3.0 116 0 6.6 13.1 17.5 3.5 2 1 5 2 2
-2241.8 3091.8 -19.8 231 0 32.1 49.2 17.5 0.0 0 1 5 2 2
-2227.3 3243.9 -24.2 186 0 52.5 35.0 17.5 0.0 0 0 5 0 0
-4688.7 853.0 21.5 18 0 9.6 6.9 10.5 3.5 2 0 3 3 3
-4696.9 860.9 21.6 290 0 6.1 10.0 10.5 0.0 0 1 3 4 4
-3217.6 2443.2 0.6 42 0 10.6 22.5 14.0 3.5 2 1 4 5 5
-3183.4 2371.8 7.5 128 1 10.8 10.4 14.0 3.5 2 0 4 0 0
-3192.3 2427.6 3.6 133 0 18.9 8.0 16.0 3.5 2 0 4 3 3
-5345.5 1098.7 16.0 146 0 34.3 10.0 14.0 3.5 2 0 4 3 3
-5326.9 1136.7 16.7 236 0 10.0 34.3 14.0 3.5 2 1 4 3 3
-5286.8 1084.9 17.3 326 0 34.3 10.1 14.0 3.5 2 0 4 4 4
-6013.4 3052.4 12.1 50 0 14.3 17.4 14.0 3.5 2 1 4 4 4
-6053.1 -4035.5 -0.2 195 0 7.5 19.3 2.5 2.5 2 1 1 1 1
-6020.0 -4449.9 -4.3 31 0 12.1 20.4 7.5 2.5 2 1 3 2 2
-5234.0 4753.7 -14.8 122 0 11.3 9.9 10.5 3.5 4 0 3 4 4
-4060.8 1663.8 13.9 207 0 32.5 10.1 5.0 2.5 2 0 2 1 1
-4040.4 1634.7 15.0 117 0 10.2 33.2 5.0 2.5 2 1 2 3 3
-4020.9 1625.4 14.9 118 0 9.7 32.4 5.0 2.5 2 1 2 2 2
-3998.2 1612.0 15.6 117 0 8.6 32.6 5.0 2.5 2 1 2 2 2
-4031.3 1582.9 15.2 259 0 46.1 8.8 5.0 2.5 2 0 2 5 5
-4057.3 1595.0 14.6 169 0 8.7 37.0 5.0 2.5 2 1 2 0 0
-4028.3 1548.2 15.9 79 0 37.0 8.7 5.0 2.5 2 0 2 1 1
-4029.3 1535.5 16.5 259 0 26.2 8.7 5.0 2.5 2 0 2 5 5
-4013.4 1501.2 17.2 349 0 8.7 26.2 5.0 2.5 2 1 2 4 4
-4010.4 1474.6 17.8 349 0 8.7 26.2 5.0 2.5 2 1 2 2 2
-4005.8 1455.1 18.3 349 0 8.7 26.2 5.0 2.5 2 1 2 3 3
-3918.0 1459.5 20.9 199 0 6.5 7.2 7.5 2.5 4 1 3 2 2
-3917.6 1446.3 20.6 199 0 15.7 8.8 10.0 2.5 2 0 4 0 0
-3931.9 1472.9 20.3 19 0 7.6 14.4 7.5 2.5 2 1 3 4 4
-3960.9 1484.2 19.9 199 0 7.6 13.9 7.5 2.5 2 1 3 1 1
-3951.5 1458.5 19.9 19 0 14.7 9.3 7.5 2.5 2 0 3 0 0
-3976.8 1446.6 19.4 199 0 6.1 33.0 5.0 2.5 2 1 2 1 1
-3933.6 1431.1 20.1 198 0 7.3 30.2 7.5 2.5 2 1 3 3 3
-3989.1 1447.2 19.0 78 0 7.7 42.9 10.0 2.5 2 1 4 1 1
-3421.9 1928.2 12.7 142 0 15.6 7.5 7.5 2.5 2 0 3 3 3
-3964.1 1499.9 18.9 78 0 7.4 40.5 10.0 2.5 2 1 4 0 0
-3939.2 1549.2 18.3 78 0 7.6 40.0 10.0 2.5 2 1 4 3 3
-3913.5 1598.3 17.6 78 0 8.3 39.5 10.0 2.5 2 1 4 0 0
-3916.6 1656.6 16.7 348 0 29.0 10.8 5.0 2.5 2 0 2 0 0
-3945.3 1514.8 19.5 206 0 9.6 31.7 7.5 2.5 2 1 3 2 2
-3933.3 1537.4 19.1 206 0 9.6 31.7 10.0 2.5 2 1 4 4 4
-3922.9 1555.5 18.9 206 0 9.6 31.7 7.5 2.5 2 1 3 4 4
-3913.6 1576.9 18.6 206 0 9.6 31.7 10.0 2.5 2 1 4 3 3
-3901.7 1597.1 18.3 206 0 9.6 31.7 7.5 2.5 2 1 3 0 0
-3827.6 1571.5 18.7 26 0 9.6 31.7 7.5 2.5 2 1 3 4 4
-3849.5 1564.2 19.0 296 0 31.7 9.6 10.0 2.5 2 0 4 5 5
-3848.7 1531.3 19.3 26 0 9.6 31.7 7.5 2.5 2 1 3 5 5
-3869.1 1522.9 19.6 296 0 31.7 9.6 7.5 2.5 2 0 3 2 2
-3899.2 1504.3 20.0 206 0 9.6 31.7 10.0 2.5 2 1 4 4 4
-3671.8 1623.9 17.4 201 0 18.9 66.0 5.0 2.5 2 1 2 5 5
-3470.0 1362.0 19.7 108 0 7.7 65.8 7.5 0.0 0 1 3 0 0
-3229.5 1819.2 18.1 346 0 23.8 36.4 7.5 0.0 0 1 3 3 3
-3374.2 1782.9 17.8 166 0 29.1 8.8 5.0 2.5 2 0 2 4 4
-3379.1 1807.2 17.4 165 0 11.0 7.5 7.5 2.5 2 0 3 1 1
-3382.8 1826.3 16.9 166 0 12.5 7.9 7.5 0.0 0 0 3 4 4
-3400.8 1892.6 14.4 170 0 12.9 7.3 7.5 2.5 2 0 3 5 5
-3411.4 1910.5 13.5 151 0 12.6 9.8 7.5 2.5 2 0 3 4 4
-3428.8 1964.7 11.7 278 0 9.7 21.5 5.0 2.5 2 1 2 2 2
-3752.4 1964.4 10.8 2 0 11.2 8.4 2.5 2.5 2 0 1 0 0
-3717.2 1986.7 10.3 313 0 16.3 8.9 7.5 2.5 2 0 3 1 1
-3674.4 2004.5 8.4 64 0 7.1 29.9 5.0 2.5 4 1 2 3 3
-3645.3 2047.0 7.2 63 0 27.6 8.0 5.0 2.5 2 0 2 4 4
-3607.8 2040.1 6.7 63 0 8.7 33.1 17.5 0.0 0 1 7 5 5
-3379.8 2094.6 9.5 97 0 12.0 8.2 10.0 2.5 2 0 4 2 2
-3398.0 2095.1 8.1 88 0 12.1 7.4 2.5 2.5 4 0 1 1 1
-3376.1 2068.3 10.4 294 0 10.6 6.9 7.5 0.0 0 0 3 4 4
-3406.9 2068.5 8.4 238 0 24.1 8.2 7.5 2.5 2 0 3 5 5
-3424.5 2054.1 8.0 237 0 12.4 7.1 5.0 2.5 2 0 2 1 1
-3444.8 2043.6 8.0 240 0 23.7 7.6 5.0 2.5 2 0 2 0 0
-3418.2 2084.8 6.7 58 0 24.6 8.3 7.5 2.5 2 0 3 5 5
-3456.5 2060.3 6.9 57 0 24.7 8.7 7.5 2.5 2 0 3 3 3
-3490.8 2054.6 7.0 193 0 7.8 14.7 2.5 2.5 2 1 1 0 0
-3470.2 2023.5 8.7 285 0 7.1 14.7 7.5 2.5 4 1 3 2 2
-3470.7 1993.5 9.8 159 0 13.0 8.1 10.0 2.5 2 0 4 5 5
-3445.6 1979.1 10.5 9 0 7.4 14.7 7.5 2.5 2 1 3 1 1
-3561.4 2020.0 8.4 97 0 17.3 6.8 10.0 2.5 2 0 4 3 3
-3581.8 2052.4 5.7 63 0 8.7 35.0 12.5 2.5 2 1 5 0 0
-3558.0 2065.6 5.4 64 0 8.2 34.4 12.5 2.5 2 1 5 0 0
-3449.3 2261.0 1.5 229 0 14.0 8.7 10.0 2.5 2 0 4 1 1
-3465.8 2253.4 1.5 320 0 22.8 8.8 5.0 2.5 2 0 2 5 5
-3493.5 2234.9 2.1 232 0 9.3 17.0 5.0 0.0 0 1 2 5 5
-3463.2 2198.0 2.5 49 0 7.5 28.1 2.5 2.5 2 1 1 2 2
-3429.5 2158.2 6.0 138 0 16.7 6.9 7.5 2.5 2 0 3 1 1
-3413.2 2244.6 2.3 322 0 7.2 9.7 7.5 2.5 2 1 3 5 5
-3425.1 2230.5 2.1 53 0 11.7 6.9 10.0 2.5 2 0 4 2 2
-3399.0 2171.1 6.2 51 0 8.0 14.2 7.5 2.5 2 1 3 5 5
-3416.8 2197.9 3.8 328 0 8.2 15.8 5.0 2.5 2 1 2 2 2
-3367.4 2191.7 5.1 55 0 8.3 22.0 7.5 2.5 2 1 3 3 3
-3377.1 2240.4 4.7 232 0 12.4 9.1 7.5 2.5 2 0 3 1 1
-3389.1 2228.5 4.2 233 0 11.0 8.0 7.5 2.5 2 0 3 3 3
-3446.3 2126.9 6.0 242 0 85.4 21.9 10.0 0.0 0 0 4 1 1
-4743.0 -3645.1 -1.1 194 0 106.9 143.0 10.0 0.0 0 1 4 5 5
2727.1 -2175.7 -22.3 184 0 48.7 48.3 12.5 0.0 0 0 5 1 1
2825.2 -2237.9 -22.5 317 0 7.1 88.5 10.0 0.0 0 1 4 2 2
-4111.0 3276.5 16.9 283 0 10.8 16.7 5.0 2.5 2 1 2 0 0
-4143.0 3283.0 16.9 290 0 13.7 17.2 7.5 2.5 2 1 3 2 2
-4185.3 3294.3 16.8 288 0 9.5 10.9 5.0 0.0 0 1 2 2 2
-4243.6 3313.4 16.7 286 0 9.9 11.6 7.5 2.5 2 1 3 4 4
-4271.4 3326.3 17.2 281 0 7.5 11.1 10.0 2.5 2 1 4 5 5
-5796.2 -2240.0 5.6 33 0 36.8 25.9 12.5 0.0 0 0 5 4 4
1098.0 -5964.9 -27.3 20 0 31.6 17.7 12.5 2.5 4 0 5 5 5
1063.4 -5969.4 -27.6 111 0 20.2 31.2 7.5 0.0 0 1 3 0 0
1160.5 -6090.6 -23.7 201 0 14.5 58.7 7.5 0.0 0 1 3 0 0
1567.9 -7007.6 -19.8 81 0 32.5 43.5 12.5 0.0 0 1 5 1 1
1633.7 -6974.1 -17.9 82 0 8.2 19.1 10.0 0.0 0 1 4 0 0
1614.8 -6983.1 -18.3 81 0 8.2 19.1 7.5 2.5 2 1 3 0 0
4609.3 -4913.8 -15.4 47 0 19.3 30.0 10.0 2.5 2 1 4 1 1
-4688.4 2566.1 19.3 233 0 75.7 104.5 14.0 0.0 0 1 4 0 0
-4871.2 2340.4 20.2 149 0 24.3 11.1 14.0 3.5 2 0 4 2 2
-5232.9 4368.2 8.2 20 0 12.1 13.0 17.5 3.5 2 1 5 1 1
-5245.7 4327.5 8.3 14 0 7.5 6.5 14.0 3.5 4 0 4 0 0
-5243.5 4758.4 -14.9 110 0 10.0 10.6 17.5 3.5 4 1 5 3 3
-4971.8 4526.3 -6.0 304 0 7.6 9.5 14.0 3.5 2 1 4 2 2
-4965.5 4522.1 -6.2 304 0 7.6 9.7 14.0 0.0 0 1 4 0 0
-4959.2 4517.9 -6.4 304 0 7.6 9.8 14.0 0.0 0 1 4 4 4
-4952.9 4513.6 -6.5 304 0 7.6 10.0 14.0 3.5 2 1 4 4 4
-4946.6 4509.4 -6.6 304 0 7.6 10.1 14.0 3.5 2 1 4 3 3
-5282.7 4141.1 11.2 195 0 6.8 11.7 14.0 3.5 2 1 4 4 4
-5281.0 4125.6 11.2 108 0 11.6 11.1 14.0 3.5 4 0 4 0 0
-5310.4 3979.7 12.4 104 0 7.2 9.7 14.0 3.5 4 1 4 3 3
-5294.6 3985.9 12.6 283 0 6.3 10.0 14.0 3.5 2 1 4 5 5
-5273.0 3975.4 13.0 195 0 10.6 8.5 14.0 3.5 2 0 4 4 4
-5281.2 3977.5 12.9 194 0 10.4 8.5 14.0 3.5 2 0 4 2 2
-5288.5 3984.5 12.7 283 0 6.3 10.1 14.0 3.5 2 1 4 0 0
-6299.8 993.4 5.8 327 0 13.2 23.2 14.0 3.5 2 1 4 2 2
-6286.3 1010.1 6.2 237 0 40.8 13.2 14.0 3.5 2 0 4 0 0
-3217.1 1114.8 18.0 110 0 12.8 22.0 37.5 0.0 0 1 15 2 2
-5054.8 2250.3 18.7 117 0 10.0 7.9 10.5 3.5 4 0 3 1 1
-5076.0 2262.3 18.2 30 0 8.1 6.2 14.0 3.5 2 0 4 3 3
-5122.8 2258.5 18.1 300 0 7.6 12.0 14.0 3.5 2 1 4 1 1
-5154.2 2224.5 17.2 118 0 6.4 7.6 14.0 3.5 2 1 4 4 4
-5140.5 2216.9 17.4 118 0 6.3 8.0 14.0 3.5 2 1 4 2 2
-5146.1 2219.9 17.3 118 0 6.3 8.0 14.0 3.5 4 1 4 5 5
-5125.6 2211.0 17.7 117 0 6.3 7.6 14.0 3.5 2 1 4 0 0
-5131.2 2213.9 17.6 117 0 6.3 7.7 14.0 3.5 2 1 4 4 4
-5117.6 2206.3 17.8 118 0 6.3 7.7 14.0 3.5 2 1 4 0 0
-5046.2 2172.1 18.9 29 0 7.4 6.7 7.0 3.5 2 0 2 0 0
-5008.9 2252.5 19.1 29 0 6.1 8.5 10.5 3.5 2 1 3 1 1
-5005.9 2257.8 18.9 29 0 6.2 8.5 10.5 3.5 2 1 3 1 1
-3984.8 1140.7 21.1 154 0 14.0 27.1 10.0 2.5 2 1 4 2 2
-3990.0 1181.1 21.8 177 0 10.6 13.1 5.0 2.5 2 1 2 1 1
-4018.5 1157.4 21.1 178 0 47.0 8.1 10.0 2.5 2 0 4 4 4
-3988.8 1135.9 21.5 359 0 7.8 20.1 2.5 2.5 2 1 1 5 5
-5284.1 2105.6 14.0 106 0 28.8 143.1 14.0 0.0 0 1 4 4 4
-5048.3 1327.4 22.1 342 0 66.6 61.5 7.0 0.0 0 0 2 1 1
-5180.5 1245.3 20.7 70 0 105.9 51.5 14.0 0.0 0 0 4 3 3
-4860.5 908.7 22.3 9 0 31.7 31.6 14.0 0.0 0 0 4 5 5
-4922.4 923.7 22.6 202 0 20.8 20.9 14.0 3.5 2 1 4 2 2
-5356.9 3312.1 16.3 254 0 34.5 28.8 14.0 0.0 0 0 4 0 0
-5397.7 3328.2 15.8 254 0 26.9 146.9 14.0 0.0 0 1 4 2 2
-5407.8 3925.9 11.5 197 0 14.1 38.5 14.0 3.5 2 1 4 3 3
-5403.7 3939.8 11.4 196 0 14.9 30.3 14.0 3.5 2 1 4 3 3
-5222.0 4298.7 9.6 16 0 8.4 12.6 17.5 0.0 0 1 5 0 0
-5224.2 4290.9 9.7 15 0 7.7 12.7 17.5 3.5 2 1 5 4 4
-5130.6 4488.8 0.1 113 0 10.1 19.7 14.0 3.5 2 1 4 3 3
-5113.2 4498.4 -0.1 23 0 13.0 7.3 14.0 3.5 2 0 4 1 1
-5104.1 4501.6 -0.2 293 0 14.3 22.2 14.0 0.0 0 1 4 1 1
-6541.4 4184.2 12.6 291 0 32.0 61.5 12.5 0.0 0 1 5 1 1
-4639.6 4215.5 11.9 322 0 9.3 24.3 14.0 3.5 2 1 4 4 4
