-3629.2 -5666.4 -20.4 194 0 111.8 48.7 12.5 0.0 0 0 5 0 0
1540.3 -6184.9 -89.8 340 0 7.6 67.2 10.0 0.0 0 1 4 4 4
-2818.2 -21.5 -32.0 301 0 100.3 425.9 7.5 0.0 0 1 3 4 4
-2532.5 2571.5 -52.1 291 0 28.0 83.9 14.0 0.0 0 1 4 1 1
-2015.3 -8052.3 6.9 359 0 7.1 22.2 10.0 2.5 2 0 4 0 0
-2004.6 -8076.6 6.4 178 0 7.1 28.4 2.5 2.5 2 0 1 0 0
-2058.5 -8082.1 6.3 178 0 22.4 9.9 7.5 2.5 2 0 3 0 0
-2028.0 -8090.8 6.1 358 0 9.4 20.3 2.5 2.5 2 0 1 4 4
-2013.5 -8137.8 4.9 359 0 7.1 21.9 7.5 2.5 2 0 3 4 4
-2012.9 -8162.3 3.4 359 0 7.1 21.8 7.5 2.5 2 0 3 3 3
-2001.9 -8157.7 4.1 179 0 7.1 22.1 7.5 2.5 2 0 3 4 4
-2013.2 -8150.3 4.2 359 0 7.1 21.8 7.5 2.5 2 0 3 4 4
-2001.5 -8170.2 3.6 179 0 7.1 22.0 5.0 2.5 2 0 2 0 0
-2015.9 -8027.8 7.3 359 0 7.1 22.3 5.0 2.5 2 0 2 2 2
-1989.2 -8136.0 5.5 178 0 9.4 20.3 7.5 2.5 2 0 3 1 1
-2005.0 -8064.2 6.6 179 0 7.1 22.2 7.5 2.5 2 0 3 5 5
-1989.3 -8118.0 5.6 177 0 9.1 20.0 5.0 2.5 2 0 2 5 5
-1999.4 -8126.3 5.4 178 0 22.4 9.9 5.0 2.5 2 0 2 5 5
-2013.7 -8125.8 5.2 359 0 7.1 21.9 7.5 2.5 2 0 3 2 2
-2001.1 -8182.3 3.1 179 0 7.1 22.0 5.0 2.5 2 1 2 1 1
-2028.5 -8072.7 6.5 357 0 9.1 20.0 7.5 2.5 2 1 3 3 3
-2005.8 -8039.7 7.0 179 0 7.1 22.3 10.0 2.5 2 1 4 5 5
-2000.7 -8193.6 2.5 179 0 7.1 22.0 7.5 2.5 2 1 3 4 4
-2005.4 -8052.2 6.8 179 0 7.1 22.2 5.0 0.0 0 1 2 1 1
-2000.3 -8206.1 2.0 179 0 7.1 22.0 7.5 2.5 4 1 3 1 1
-2596.2 -8134.2 3.2 98 0 8.7 12.0 7.5 2.5 2 1 3 1 1
-1492.6 3400.4 -62.6 158 0 52.2 35.2 14.0 0.0 0 0 4 1 1
-1494.3 3387.0 -51.6 336 0 28.5 14.8 17.5 3.5 2 0 5 4 4
-1468.0 1659.7 -59.5 84 0 33.0 62.8 15.0 0.0 0 1 6 2 2
-1501.0 1560.0 -63.4 76 0 60.7 43.0 12.5 0.0 0 0 5 1 1
-1396.9 2680.5 -39.3 89 0 59.1 32.9 14.0 0.0 0 0 4 0 0
-2099.8 2667.0 -48.2 274 0 14.6 87.0 17.5 3.5 4 1 5 1 1
-1829.2 2964.6 -46.2 346 0 13.2 40.5 17.5 0.0 0 1 5 5 5
-2369.0 1968.5 -38.9 303 0 29.1 19.2 10.0 0.0 0 0 4 4 4
-1811.6 2946.7 -44.4 172 0 13.3 31.2 14.0 3.5 2 1 4 0 0
-2356.2 5017.6 -71.4 236 0 10.3 30.3 10.0 2.5 2 1 4 4 4
-3197.4 1615.4 -47.8 107 0 17.0 32.5 10.0 2.5 2 1 4 3 3
-3191.6 1653.7 -49.2 67 0 52.8 40.9 12.5 0.0 0 0 5 5 5
-3644.3 -378.2 -26.8 172 0 12.1 19.1 2.5 0.0 0 1 1 4 4
-3678.7 -268.0 -27.6 359 0 12.7 26.5 2.5 0.0 0 1 1 0 0
-3665.9 -230.4 -27.9 351 0 42.5 59.9 5.0 0.0 0 1 2 2 2
-3743.5 -222.4 -26.6 254 0 17.7 25.4 2.5 0.0 0 1 1 5 5
-3669.8 -268.0 -28.3 125 0 22.0 29.9 2.5 2.5 2 1 1 0 0
-3690.6 -429.7 -23.3 159 0 12.5 9.6 2.5 2.5 2 0 1 2 2
-3586.1 -615.8 -28.5 151 0 9.4 14.0 5.0 2.5 2 1 2 0 0
-3547.9 -643.8 -29.2 56 0 22.5 9.2 5.0 2.5 2 0 2 1 1
-3471.6 -412.8 -26.2 327 0 6.5 13.7 2.5 2.5 2 1 1 5 5
-3546.6 -613.3 -28.5 39 0 12.5 7.4 5.0 2.5 4 0 2 4 4
-3614.3 -651.5 -29.8 85 0 27.3 9.2 15.0 0.0 0 0 6 3 3
-3941.9 791.3 -24.0 80 0 8.3 20.3 12.5 2.5 4 1 5 2 2
-3965.0 914.7 -25.4 80 0 14.6 32.5 5.0 2.5 2 1 2 2 2
-3971.7 889.2 -25.4 171 0 42.0 17.7 5.0 2.5 4 0 2 1 1
-3889.3 875.2 -26.1 351 0 75.7 32.7 2.5 0.0 0 0 1 5 5
-2940.0 -3629.2 9.1 109 0 37.5 18.0 10.0 2.5 4 0 4 5 5
-3465.9 -414.1 -26.0 238 0 22.7 25.9 2.5 2.5 2 1 1 1 1
-3552.5 -132.8 -26.6 306 0 58.2 19.8 2.5 2.5 2 0 1 0 0
-3636.2 -76.4 -24.9 277 0 30.9 61.4 2.5 0.0 0 1 1 2 2
-3602.9 -186.7 -27.0 126 0 32.6 19.8 2.5 0.0 0 0 1 4 4
-3773.3 120.9 -24.3 36 0 18.6 9.5 2.5 2.5 2 0 1 0 0
-3719.3 -102.7 -22.9 126 0 32.1 20.2 2.5 0.0 0 0 1 1 1
-3514.3 -665.1 -29.5 92 0 11.5 28.2 7.5 0.0 0 1 3 2 2
-3737.7 -410.9 -22.2 129 0 6.2 6.2 2.5 2.5 2 0 1 3 3
-3604.1 2829.6 -42.6 172 0 42.5 104.3 10.0 0.0 0 1 4 3 3
-3516.6 -153.3 -27.1 306 0 17.6 23.1 5.0 2.5 2 1 2 2 2
-3840.8 -54.0 -21.3 188 0 20.9 28.4 15.0 2.5 2 1 6 4 4
-3775.6 -61.8 -21.8 215 0 12.9 28.3 2.5 2.5 2 1 1 5 5
-3837.1 -23.1 -19.9 301 0 6.0 27.5 10.0 0.0 0 1 4 2 2
-3771.7 -474.6 -21.3 36 0 22.9 46.6 2.5 2.5 2 1 1 5 5
-3819.4 -428.4 -20.3 216 0 7.5 19.1 2.5 2.5 2 1 1 4 4
-3787.2 -442.0 -21.4 216 0 11.5 48.1 2.5 2.5 2 1 1 1 1
-3822.3 -367.6 -22.2 77 0 19.4 26.1 2.5 2.5 2 1 1 4 4
-3833.9 -360.5 -21.5 347 0 10.5 18.2 2.5 2.5 2 1 1 4 4
-3869.0 -357.2 -21.9 167 0 32.7 15.2 2.5 2.5 2 0 1 2 2
-3687.0 -453.5 -23.3 161 0 9.4 20.3 2.5 2.5 2 1 1 2 2
-3715.7 42.4 -22.0 37 0 8.8 8.8 2.5 2.5 2 0 1 3 3
-3785.7 2020.9 -33.4 171 0 71.5 13.3 5.0 2.5 2 0 2 1 1
-3758.5 1933.9 -33.3 350 0 15.7 13.9 3.5 2.5 2 0 1 0 0
-3556.4 114.2 -28.7 165 0 19.5 19.2 10.0 2.5 2 0 4 2 2
-3532.3 89.3 -28.4 32 0 7.5 22.0 10.0 2.5 2 1 4 1 1
-3354.9 -234.6 -31.1 354 0 18.2 12.6 3.5 0.0 0 0 1 1 1
-3326.0 12.4 -35.9 339 0 13.8 12.8 10.0 2.5 2 0 4 5 5
-3319.2 -50.7 -36.3 69 0 19.3 33.0 7.5 0.0 0 1 3 5 5
-3375.8 165.3 -36.2 338 0 104.3 9.7 12.5 2.5 2 0 5 5 5
-3392.9 151.9 -36.1 248 0 22.4 147.5 5.0 0.0 0 1 2 3 3
-3948.9 1671.9 -28.5 199 0 20.5 31.5 12.5 0.0 0 1 5 2 2
-3117.2 395.8 -31.3 290 0 9.1 120.0 15.0 0.0 0 1 6 2 2
-2039.4 -5001.5 -6.4 347 0 12.4 7.3 7.5 2.5 2 0 3 1 1
-3659.9 -129.6 -25.2 306 0 50.5 14.0 2.5 2.5 2 0 1 5 5
-3640.4 -156.0 -25.9 216 0 15.2 19.8 2.5 2.5 2 1 1 5 5
-1781.9 1484.7 -64.1 19 0 11.6 21.3 15.0 0.0 0 1 6 2 2
-3838.1 -430.1 -20.4 216 0 8.6 21.0 2.5 2.5 2 1 1 3 3
-3986.6 1034.7 -23.4 80 0 6.5 6.4 2.5 2.5 4 0 1 3 3
-1704.8 4093.5 -83.8 342 0 45.4 13.4 17.5 3.5 2 0 5 3 3
-1741.1 4149.3 -84.9 168 0 10.6 20.5 17.5 3.5 2 1 5 2 2
-1656.2 3910.6 -81.6 129 0 15.4 50.8 14.0 0.0 0 1 4 2 2
-3256.7 -327.3 -28.1 216 0 48.4 15.8 12.5 2.5 2 0 5 3 3
-3276.1 -350.2 -26.6 216 0 11.5 30.6 10.0 2.5 4 1 4 4 4
-930.6 -3805.7 -88.1 244 0 6.9 9.5 5.0 0.0 0 1 2 0 0
-5429.3 8587.5 38.0 170 0 18.8 12.4 7.5 2.5 2 0 3 1 1
-5452.6 8599.9 37.1 349 0 13.2 20.5 7.5 2.5 2 1 3 5 5
-5485.5 8604.7 37.0 260 0 25.8 17.3 7.5 2.5 4 0 3 4 4
-4290.9 7895.4 -60.7 170 0 7.4 8.8 4.0 2.5 4 1 1 0 0
-1242.8 1946.9 -83.3 174 0 40.4 15.6 10.0 2.5 2 0 4 2 2
-2505.2 1329.5 -42.2 39 0 7.8 10.7 7.5 2.5 2 1 3 1 1
-2522.5 1314.9 -42.8 64 0 7.5 10.8 7.5 2.5 2 1 3 4 4
-2513.0 1321.4 -42.8 50 0 7.6 10.6 7.5 2.5 2 1 3 1 1
-1760.6 1481.0 -65.0 194 0 9.9 23.1 10.0 2.5 2 1 4 2 2
-1721.1 1463.5 -65.5 14 0 9.5 19.5 10.0 2.5 2 1 4 5 5
-1810.9 1455.2 -62.3 26 0 12.2 22.2 10.0 2.5 2 1 4 5 5
-1736.2 3302.8 -45.7 160 0 23.2 17.8 14.0 3.5 2 0 4 0 0
-2474.9 1482.5 -36.7 195 0 6.4 11.6 5.0 2.5 2 1 2 5 5
-2478.8 1468.5 -36.6 195 0 6.2 9.4 2.5 2.5 2 1 1 0 0
-2418.6 1419.7 -36.3 90 0 6.6 12.5 7.5 2.5 2 1 3 0 0
-2477.1 1474.5 -36.7 196 0 6.1 9.5 5.0 2.5 2 1 2 4 4
-2473.2 1488.9 -36.8 195 0 6.8 9.4 7.5 2.5 2 1 3 5 5
-3038.5 -85.5 -26.2 71 0 19.8 16.6 10.0 2.5 2 0 4 0 0
-2399.3 1420.7 -36.5 89 0 6.4 16.0 5.0 2.5 2 1 2 4 4
-3803.3 3018.9 -45.1 184 0 61.8 24.9 10.0 2.5 4 0 4 4 4
-3603.2 3303.8 -53.2 299 0 31.4 55.7 10.0 0.0 0 1 4 3 3
-3743.0 3045.7 -46.3 274 0 24.7 25.1 10.0 0.0 0 1 4 4 4
-2519.5 3800.1 -69.6 157 0 11.4 36.4 14.0 3.5 4 1 4 1 1
-650.2 -2150.0 -87.4 155 0 31.0 44.0 12.5 0.0 0 1 5 0 0
-1805.2 4123.3 -84.3 162 0 8.2 62.9 17.5 0.0 0 1 5 4 4
-1734.7 4235.5 -86.4 342 0 17.7 113.6 17.5 0.0 0 1 5 2 2
-1738.8 4369.8 -87.5 232 0 42.9 13.0 17.5 3.5 2 0 5 4 4
-1761.6 4354.7 -87.6 250 0 10.2 8.5 17.5 3.5 2 0 5 4 4
-1635.9 4371.5 -88.0 162 0 18.6 18.3 14.0 3.5 2 0 4 3 3
-1773.5 4352.0 -87.7 250 0 8.9 11.4 17.5 3.5 4 1 5 5 5
-4516.6 3198.0 6.9 118 0 18.7 11.2 2.5 2.5 2 0 1 1 1
-3718.5 2888.0 -45.3 62 0 19.9 35.2 10.0 0.0 0 1 4 2 2
-3753.1 2859.6 -44.3 10 0 21.6 35.1 10.0 0.0 0 1 4 3 3
-3696.3 2900.2 -45.0 61 0 30.8 29.7 10.0 0.0 0 0 4 1 1
-3775.1 2965.6 -45.8 241 0 119.6 34.9 10.0 0.0 0 0 4 4 4
-3744.7 2872.5 -45.4 63 0 15.3 30.9 10.0 2.5 2 1 4 5 5
-3698.8 2987.5 -46.2 331 0 34.9 17.7 12.5 0.0 0 0 5 2 2
-3732.6 2879.7 -45.3 55 0 12.9 30.2 10.0 2.5 2 1 4 1 1
-3852.4 2975.8 -43.6 184 0 19.0 24.4 10.0 2.5 2 1 4 3 3
-3851.1 2995.9 -43.6 184 0 21.3 24.4 12.5 2.5 2 1 5 4 4
-3849.6 3019.0 -43.6 184 0 25.1 24.4 15.0 0.0 0 0 6 4 4
-3848.2 3042.1 -43.4 184 0 21.1 24.4 12.5 2.5 2 1 5 0 0
-3649.0 3231.5 -49.5 29 0 26.2 31.0 10.0 0.0 0 1 4 3 3
-3661.8 3208.7 -48.9 29 0 26.1 31.1 10.0 0.0 0 1 4 2 2
-3590.2 3198.1 -52.8 80 0 56.5 20.8 7.5 2.5 2 0 3 4 4
-3569.7 3270.0 -53.3 28 0 10.0 19.9 7.0 2.5 4 1 2 0 0
-3572.1 3241.2 -53.2 350 0 20.1 25.8 15.0 0.0 0 1 6 5 5
-3609.0 3239.8 -53.3 208 0 12.5 17.8 7.0 2.5 2 1 2 1 1
-3514.8 3327.8 -57.2 252 0 37.1 11.7 12.5 2.5 2 0 5 4 4
-3457.5 3205.2 -52.5 253 0 29.8 20.4 10.0 0.0 0 0 4 5 5
-3603.2 2942.9 -44.3 354 0 36.0 35.9 10.0 0.0 0 0 4 1 1
-3635.3 2855.8 -42.2 172 0 14.6 17.1 7.5 2.5 2 1 3 4 4
-3639.5 3001.0 -45.8 264 0 29.6 43.7 10.0 0.0 0 1 4 1 1
-3446.5 3248.3 -56.6 62 0 47.2 36.2 15.0 0.0 0 0 6 3 3
-3550.8 3312.3 -55.5 255 0 23.4 13.7 10.0 2.5 2 0 4 1 1
-3362.3 3175.3 -52.9 342 0 15.8 31.1 12.5 0.0 0 1 5 1 1
-3528.3 2954.7 -47.2 82 0 81.2 57.6 12.5 0.0 0 0 5 4 4
-3465.4 3140.6 -49.7 164 0 14.7 31.3 5.0 2.5 2 1 2 4 4
-3372.6 3221.6 -54.9 341 0 31.0 39.5 10.0 0.0 0 1 4 5 5
-3418.3 3324.3 -58.9 57 0 35.0 55.3 10.0 0.0 0 1 4 1 1
-3279.3 3423.6 -60.5 327 0 49.4 61.7 12.5 0.0 0 1 5 5 5
-3357.1 3402.8 -60.1 238 0 24.9 49.7 7.5 0.0 0 1 3 5 5
-3400.9 3353.1 -59.9 147 0 31.2 45.0 10.0 0.0 0 1 4 3 3
-3351.9 3304.2 -59.4 42 0 36.1 23.8 12.5 0.0 0 0 5 2 2
-3360.4 3063.7 -51.3 83 0 30.1 48.3 7.5 0.0 0 1 3 0 0
-3356.8 3131.7 -51.2 342 0 14.9 30.7 12.5 2.5 2 1 5 1 1
-3358.8 3153.8 -52.0 342 0 16.3 31.3 10.0 2.5 2 1 4 3 3
-3365.7 3196.9 -53.8 342 0 15.7 32.4 10.0 2.5 2 1 4 1 1
-3469.4 3160.7 -50.8 162 0 20.3 29.6 7.5 0.0 0 1 3 0 0
-3426.9 3118.0 -49.4 342 0 41.5 37.0 7.5 0.0 0 0 3 2 2
-3390.0 3290.8 -57.4 330 0 9.2 35.3 12.5 2.5 2 1 5 2 2
-3489.4 3116.1 -48.7 255 0 28.1 70.7 10.0 0.0 0 1 4 1 1
-3527.2 3281.8 -54.6 260 0 28.7 40.1 12.5 0.0 0 1 5 0 0
-3503.4 3239.0 -53.0 282 0 19.8 16.3 7.5 2.5 2 0 3 5 5
-2192.4 2835.2 -51.2 46 0 59.2 80.8 17.5 0.0 0 1 5 1 1
-2146.2 2798.4 -49.6 89 0 30.0 38.0 17.5 0.0 0 1 5 4 4
-2183.3 2817.5 -51.5 358 0 8.8 47.0 17.5 3.5 2 1 5 2 2
-2238.6 2884.9 -49.3 97 0 9.6 30.5 17.5 3.5 4 1 5 3 3
-2234.7 2942.5 -48.3 185 0 11.4 11.0 17.5 3.5 2 0 5 3 3
-2177.7 2845.7 -48.0 179 0 8.2 25.7 17.5 3.5 4 1 5 3 3
-2148.3 2887.2 -44.2 178 0 9.6 14.8 17.5 0.0 0 1 5 0 0
-2132.9 2853.9 -44.7 88 0 8.3 16.9 17.5 3.5 2 1 5 0 0
-2114.2 2836.2 -45.2 89 0 13.8 8.6 17.5 3.5 2 0 5 5 5
-2119.8 2809.8 -47.0 179 0 7.8 16.7 17.5 3.5 2 1 5 2 2
-2093.2 2833.3 -45.4 88 0 9.1 15.0 17.5 3.5 2 1 5 0 0
-2108.0 2899.8 -44.1 87 0 30.7 13.3 17.5 3.5 4 0 5 5 5
-2879.2 -205.1 -24.5 202 0 21.0 43.0 10.0 2.5 2 1 4 4 4
-2857.4 -151.5 -24.0 205 0 24.5 16.6 10.0 2.5 2 0 4 5 5
-2949.5 -164.7 -26.3 16 0 14.6 7.2 2.5 2.5 2 0 1 2 2
-2893.6 -163.2 -24.4 210 0 32.0 9.6 10.0 2.5 2 0 4 5 5
-2862.9 -76.4 -26.0 29 0 13.6 33.5 7.5 2.5 2 1 3 2 2
-2871.8 -92.0 -26.0 30 0 14.7 33.6 7.5 2.5 2 1 3 4 4
-2147.7 4594.3 -79.9 50 0 11.8 31.2 10.5 3.5 2 1 3 4 4
-2400.9 5133.6 -62.0 326 0 10.4 8.3 7.5 2.5 2 0 3 4 4
-4218.8 3631.8 52.2 142 0 7.3 19.6 4.0 2.5 2 1 1 1 1
-4309.9 3696.7 65.4 213 0 8.9 24.7 7.5 2.5 2 1 3 3 3
-3744.8 2787.5 -39.2 352 0 8.0 32.1 15.0 0.0 0 1 6 5 5
-3748.7 2707.3 -36.4 153 0 78.0 49.4 10.0 0.0 0 0 4 3 3
-3648.6 2732.8 -42.1 172 0 15.2 19.9 10.0 2.5 2 1 4 2 2
-3807.0 364.0 -26.8 351 0 41.1 16.1 7.5 2.5 2 0 3 4 4
-3840.5 402.5 -25.8 349 0 12.4 16.2 12.0 2.5 2 1 3 5 5
-3380.0 -108.8 -34.9 166 0 15.5 6.1 8.0 0.0 0 0 2 0 0
-3792.0 -59.0 -21.1 351 0 10.2 13.2 7.5 2.5 2 1 3 4 4
-3336.1 -62.2 -36.7 333 0 51.3 7.9 10.0 2.5 2 0 4 2 2
-2327.1 1542.2 -39.4 23 0 13.3 8.5 5.0 0.0 0 0 2 3 3
-2369.2 1438.1 -36.8 5 0 7.8 18.5 5.0 0.0 0 1 2 1 1
-3596.1 5399.4 -1.9 59 0 9.5 13.1 7.5 2.5 2 1 3 4 4
-520.4 -2628.2 -87.7 27 0 17.8 25.3 14.0 3.5 2 1 4 3 3
-1879.1 3547.0 -52.4 47 0 13.9 73.5 17.5 0.0 0 1 5 2 2
-2484.9 2036.9 -41.2 283 0 8.3 28.9 2.5 2.5 2 1 1 2 2
-2451.3 2031.2 -41.2 284 0 8.9 31.8 5.0 2.5 2 1 2 3 3
-2457.1 1818.2 -38.1 103 0 9.6 10.7 5.0 2.5 2 1 2 3 3
-3125.0 -7680.5 -21.6 15 0 9.7 15.9 7.5 2.5 2 1 3 4 4
-2764.5 -464.6 -25.1 292 0 31.8 12.7 12.5 2.5 4 0 5 0 0
-2762.4 -290.1 -25.9 201 0 9.7 34.8 12.5 2.5 2 1 5 4 4
-2934.6 -233.3 -25.5 202 0 26.0 9.8 5.0 2.5 2 0 2 1 1
-2001.9 1263.8 -31.6 47 0 7.4 35.1 10.0 2.5 2 1 4 3 3
-1877.4 1447.6 -57.6 208 0 10.4 15.9 5.0 2.5 2 1 2 1 1
-1932.2 1598.2 -58.9 167 0 19.8 9.1 7.5 2.5 2 0 3 1 1
-1942.5 1421.2 -50.2 297 0 35.1 8.0 12.5 2.5 2 0 5 0 0
-1905.3 1432.7 -55.0 208 0 9.1 32.4 15.0 0.0 0 1 6 4 4
-1987.9 1471.0 -54.6 118 0 23.7 7.6 7.5 2.5 2 0 3 5 5
-1891.3 1593.6 -58.0 106 0 9.0 20.1 7.5 2.5 4 1 3 2 2
-1979.4 1577.6 -60.4 79 0 9.5 21.3 5.0 2.5 2 1 2 1 1
-1250.1 1949.3 -79.6 88 0 6.1 19.7 10.0 2.5 2 1 4 1 1
-1253.5 1941.3 -79.9 268 0 12.8 8.9 5.0 2.5 2 0 2 1 1
-2089.0 1340.7 -40.2 215 0 7.9 35.1 12.5 2.5 2 1 5 1 1
-1221.1 1847.8 -84.8 358 0 18.4 15.1 12.5 2.5 2 0 5 2 2
-2040.4 1308.1 -34.8 312 0 38.8 7.6 10.0 2.5 2 0 4 4 4
-1274.5 1825.5 -82.4 166 0 6.7 27.7 12.5 0.0 0 1 5 5 5
-1891.3 1570.8 -61.2 194 0 8.5 20.1 2.5 2.5 4 1 1 0 0
-1267.3 1898.6 -79.3 181 0 10.5 14.4 15.0 0.0 0 1 6 5 5
-1995.4 1292.5 -34.5 137 0 35.1 7.6 12.5 2.5 2 0 5 1 1
-1226.6 1888.3 -83.1 355 0 17.9 20.0 10.0 0.0 0 1 4 3 3
-1956.6 1605.1 -56.2 78 0 31.4 9.7 10.0 2.5 2 0 4 2 2
-1273.8 1844.2 -80.8 179 0 9.8 13.5 7.5 2.5 2 1 3 5 5
-1852.8 1591.4 -57.6 104 0 20.5 8.5 7.5 2.5 2 0 3 0 0
-1264.9 1870.7 -81.1 169 0 10.1 14.1 15.0 0.0 0 1 6 3 3
-2078.0 1369.3 -42.3 203 0 7.8 38.7 10.0 2.5 2 1 4 5 5
-2082.0 1396.4 -45.1 204 0 7.8 58.0 15.0 0.0 0 1 6 3 3
-1877.7 1463.4 -58.8 118 0 16.0 10.1 5.0 2.5 2 0 2 3 3
-1961.7 1458.0 -53.9 118 0 25.8 7.5 7.5 2.5 2 0 3 1 1
-1977.0 1441.0 -50.5 297 0 38.6 7.8 12.5 2.5 2 0 5 4 4
-1906.2 1403.5 -52.0 297 0 38.7 7.4 10.0 2.5 2 0 4 1 1
-2030.2 1476.0 -54.6 170 0 8.8 27.5 7.5 2.5 2 1 3 5 5
-1853.6 1474.8 -60.2 297 0 16.0 10.2 7.5 2.5 2 0 3 3 3
-1141.5 1043.8 -84.8 75 0 9.6 98.5 10.0 2.5 2 1 4 0 0
-1193.6 1359.5 -83.0 87 0 6.9 49.2 12.5 2.5 2 1 5 1 1
-1236.7 2490.9 -75.6 189 0 7.0 15.5 10.0 2.5 2 1 4 0 0
-1245.6 1718.6 -84.6 170 0 8.9 16.7 12.5 2.5 4 1 5 1 1
-2140.8 1321.1 -45.4 185 0 29.7 12.0 15.0 0.0 0 0 6 4 4
-2196.2 1225.3 -41.7 244 0 30.1 11.4 12.5 2.5 2 0 5 4 4
-2114.4 1448.2 -54.5 203 0 30.0 11.9 7.5 2.5 2 0 3 1 1
-1179.0 447.8 -62.3 354 0 15.9 8.4 5.0 2.5 2 0 2 1 1
-2162.9 1235.3 -40.4 45 0 29.8 11.2 15.0 0.0 0 0 6 5 5
-2138.2 1353.0 -47.8 184 0 29.4 11.9 12.5 2.5 2 0 5 4 4
-2144.0 1294.1 -43.0 188 0 20.1 11.8 5.0 2.5 2 0 2 0 0
-1142.7 473.4 -72.1 168 0 11.8 10.0 7.5 2.5 2 0 3 4 4
-2127.2 1418.6 -51.9 201 0 29.1 12.0 10.0 2.5 2 0 4 1 1
-1182.7 457.0 -63.4 85 0 8.7 15.8 7.5 2.5 2 1 3 0 0
-1137.5 447.5 -71.5 170 0 11.6 10.1 7.5 2.5 2 0 3 1 1
-1118.7 516.4 -78.3 141 0 11.7 19.8 12.5 2.5 2 1 5 2 2
-1177.2 430.4 -61.6 354 0 15.6 8.4 7.5 2.5 2 0 3 1 1
-2135.0 1384.3 -50.2 184 0 29.9 12.6 12.5 0.0 0 0 5 4 4
-1091.6 448.7 -81.3 85 0 10.0 14.0 10.0 0.0 0 1 4 3 3
-1160.1 446.1 -66.4 266 1 12.1 16.7 10.0 2.5 2 1 4 4 4
-2152.5 1268.3 -42.0 204 0 29.5 11.4 10.0 2.5 2 0 4 4 4
-1077.1 494.7 -81.6 355 0 16.3 10.6 5.0 2.5 2 0 2 5 5
-1912.0 1509.1 -60.0 112 0 10.5 10.2 7.5 2.5 2 0 3 0 0
-2201.2 1429.5 -52.7 98 0 18.5 15.0 15.0 0.0 0 0 6 5 5
-1824.8 1548.3 -59.4 322 0 10.4 10.7 7.5 2.5 2 1 3 5 5
-1906.2 1549.6 -60.4 292 0 10.4 10.3 5.0 2.5 4 0 2 5 5
-1986.1 1509.4 -57.8 291 0 35.3 7.6 12.5 2.5 2 0 5 2 2
-1953.1 1498.2 -57.3 290 0 26.3 8.1 7.5 2.5 2 0 3 0 0
-1838.8 1563.4 -60.8 308 0 10.4 11.1 5.0 2.5 2 1 2 1 1
-1928.1 1515.0 -59.9 111 0 10.7 10.9 5.0 2.5 2 1 2 3 3
-1879.9 1531.1 -60.8 1 0 10.4 10.7 10.0 2.5 2 1 4 4 4
-1922.0 1556.4 -60.7 295 0 10.5 10.4 7.5 2.5 2 0 3 3 3
-1813.7 1534.4 -60.8 322 0 10.4 10.1 7.5 2.5 2 0 3 3 3
-1920.6 1483.8 -56.7 291 0 35.5 7.7 7.5 2.5 2 0 3 1 1
-1880.6 1513.3 -60.7 0 0 10.1 10.1 7.5 2.5 2 1 3 1 1
-1591.5 1917.8 -36.3 256 0 9.0 14.2 5.0 2.5 4 1 2 3 3
-2682.7 2315.4 -50.6 285 0 31.2 20.3 7.5 0.0 0 0 3 4 4
-2668.6 2225.1 -51.9 11 0 19.3 37.4 12.5 0.0 0 1 5 1 1
-2858.0 -82.8 -25.2 211 0 6.8 23.6 5.0 2.5 2 1 2 4 4
-1656.8 1845.9 -34.5 269 0 30.0 15.3 7.5 2.5 4 0 3 1 1
-1239.1 1928.9 -82.1 268 0 13.0 12.2 7.5 2.5 4 0 3 4 4
-1905.2 1870.9 -34.1 265 0 24.4 30.9 10.0 0.0 0 1 4 5 5
-1723.1 1879.6 -30.7 1 0 8.1 16.4 2.5 2.5 2 1 1 4 4
-1900.1 1890.9 -33.7 265 0 6.1 15.4 5.0 2.5 2 1 2 2 2
-1864.8 1871.9 -32.1 270 0 9.5 21.8 5.0 2.5 4 1 2 1 1
-1633.9 1819.1 -36.2 266 0 8.4 9.6 5.0 2.5 2 1 2 5 5
-1846.0 1866.2 -31.7 269 0 7.5 14.2 10.0 2.5 2 1 4 5 5
-1885.0 1912.2 -33.2 177 0 12.2 21.1 12.5 2.5 2 1 5 2 2
-1685.5 1866.0 -31.9 268 0 19.3 7.1 7.5 2.5 4 0 3 3 3
-1866.6 1880.7 -32.1 178 0 7.8 17.6 5.0 2.5 2 1 2 4 4
-2067.1 3843.6 -64.0 45 0 10.3 53.9 17.5 3.5 4 1 5 4 4
-2655.0 2311.5 -50.1 284 0 17.6 8.4 7.5 2.5 4 0 3 0 0
-2655.2 2269.1 -50.6 105 0 6.6 26.4 7.5 2.5 2 1 3 1 1
-2644.7 2222.3 -50.8 284 0 37.1 11.3 10.0 0.0 0 0 4 3 3
-2725.9 2231.0 -52.0 191 0 7.4 15.1 5.0 2.5 2 1 2 3 3
-2734.1 2192.5 -51.9 103 0 10.4 26.0 7.5 2.5 2 1 3 1 1
-6621.5 -7724.9 -21.3 208 0 11.4 20.3 2.5 2.5 2 1 1 0 0
-6568.5 -7744.2 -21.5 300 0 16.7 14.4 5.0 2.5 2 0 2 0 0
-6584.3 -7788.8 -21.6 118 0 24.5 18.3 7.5 2.5 2 0 3 1 1
-6551.4 -7765.9 -21.6 29 0 8.2 16.1 5.0 2.5 2 1 2 4 4
-6758.9 -7675.1 -19.1 24 0 14.3 29.8 7.5 2.5 2 1 3 4 4
-6527.8 -7839.8 -21.8 30 0 18.4 24.2 7.5 2.5 2 1 3 5 5
-6595.5 -7813.7 -21.3 293 0 30.9 21.9 7.5 0.0 0 0 3 3 3
-6519.5 -7828.3 -21.9 29 0 6.0 13.6 7.5 2.5 2 1 3 1 1
-6577.4 -7803.5 -21.5 294 0 55.6 13.9 10.0 2.5 4 0 4 4 4
-6549.1 -7788.8 -21.6 28 0 7.1 16.4 10.0 2.5 2 1 4 0 0
1295.7 -8407.1 -93.9 141 0 17.6 13.9 7.5 2.5 2 0 3 1 1
-3120.9 -1621.5 -27.1 258 0 20.6 20.2 7.5 0.0 0 0 3 3 3
-2037.0 4305.8 -81.5 273 0 21.8 8.1 17.5 3.5 2 0 5 4 4
-440.0 -2691.1 -88.3 249 0 63.5 17.9 10.0 2.5 2 0 4 4 4
-4023.1 5595.1 71.9 228 0 10.6 10.7 5.0 2.5 4 1 2 0 0
-2308.3 4044.5 -71.5 328 0 12.5 34.4 17.5 0.0 0 1 5 4 4
-6880.0 -2348.6 10.5 245 0 11.5 20.7 7.5 2.5 2 1 3 4 4
-2035.8 1506.2 -57.6 168 0 7.6 26.0 7.5 2.5 2 1 3 0 0
-1045.4 -3340.6 -83.3 286 0 23.0 99.8 10.0 0.0 0 1 4 0 0
-965.7 -2972.2 -84.7 264 0 41.2 11.6 10.0 2.5 2 0 4 3 3
-1043.2 -2903.3 -78.9 259 0 10.3 16.7 7.5 2.5 2 1 3 5 5
-6924.5 -2353.4 10.5 340 0 7.3 26.6 2.5 2.5 2 1 1 1 1
-2860.8 1291.0 -39.4 4 0 7.5 22.6 12.5 0.0 0 1 5 4 4
-3463.0 2270.5 -49.7 344 0 12.7 23.3 10.0 0.0 0 1 4 4 4
-3517.5 2231.4 -48.2 46 0 32.5 15.4 10.0 2.5 2 0 4 0 0
-3537.0 2212.5 -50.4 260 0 44.4 34.9 12.5 0.0 0 0 5 5 5
-3413.8 2299.4 -52.2 271 0 11.6 15.6 5.0 2.5 2 1 2 5 5
-3797.7 3141.1 -48.3 196 0 18.9 80.6 10.0 0.0 0 1 4 3 3
-1677.0 3615.8 -53.6 161 0 8.3 14.4 17.5 3.5 4 1 5 4 4
-3591.1 -5470.2 -19.1 127 0 62.4 22.6 10.0 2.5 2 0 4 3 3
-943.1 -2952.3 -84.1 265 0 10.8 7.4 10.0 2.5 2 0 4 2 2
-923.9 -2959.2 -85.4 276 0 10.4 6.4 7.5 2.5 2 0 3 0 0
-2917.9 1824.9 -50.4 199 0 19.6 14.0 12.5 2.5 2 0 5 5 5
-2836.0 1859.8 -49.3 351 0 6.4 66.9 10.0 2.5 2 1 4 4 4
-3471.1 1081.6 -42.0 102 0 7.2 59.6 10.0 2.5 4 1 4 3 3
-2010.9 -3166.9 -29.3 266 0 13.3 43.9 10.0 2.5 2 1 4 1 1
-1963.5 -3163.0 -27.8 298 0 6.4 16.6 14.0 2.5 2 1 4 3 3
-4964.5 6171.1 53.3 126 0 7.3 44.7 12.5 2.5 2 1 5 3 3
-4922.4 6223.9 52.8 293 0 8.5 18.5 14.0 0.0 0 1 4 2 2
-2956.6 4368.8 -42.4 127 0 7.4 14.8 14.0 0.0 0 1 4 4 4
-2972.2 4341.9 -43.0 38 0 21.9 14.6 14.0 3.5 2 0 4 5 5
-2966.8 4313.5 -44.9 120 0 12.3 58.6 14.0 3.5 2 1 4 5 5
-1123.0 -1514.9 -72.2 262 0 11.0 43.9 12.5 2.5 2 1 5 4 4
-645.1 -3293.4 -86.9 251 0 18.7 86.3 10.0 0.0 0 1 4 0 0
-681.0 -3281.1 -86.2 251 0 18.6 20.9 10.0 2.5 2 1 4 3 3
-3774.0 5228.2 73.0 230 0 7.2 19.3 7.5 2.5 2 1 3 1 1
-2048.6 2762.3 -44.5 182 0 33.2 17.3 17.5 3.5 2 0 5 2 2
-2418.2 3005.3 -50.7 284 0 13.7 21.8 14.0 0.0 0 1 4 3 3
-3414.0 -829.6 -31.1 193 0 11.4 10.5 2.5 2.5 2 0 1 1 1
-5262.5 -1730.1 10.2 80 0 22.1 18.4 12.5 2.5 4 0 5 0 0
-4078.2 5959.8 32.4 126 0 14.3 20.6 12.5 2.5 2 1 5 2 2
-4442.2 7764.2 26.3 284 0 16.1 17.6 12.5 2.5 2 1 5 4 4
-4440.2 7774.2 19.1 76 0 12.3 17.3 7.5 2.5 2 1 3 4 4
2596.6 -8539.4 -93.8 152 0 9.4 46.9 10.0 2.5 2 1 4 3 3
-1823.6 3495.6 -49.4 342 0 7.0 19.3 17.5 3.5 2 1 5 2 2
-3649.2 2753.2 -41.9 171 0 9.5 14.7 7.0 2.5 2 1 2 1 1
-1997.7 1085.5 -24.4 130 0 36.7 18.8 10.0 2.5 2 0 4 0 0
-2055.2 1137.7 -28.0 99 0 9.8 36.5 7.5 2.5 2 1 3 5 5
-2016.5 1217.8 -27.5 279 0 19.1 44.5 10.0 0.0 0 1 4 5 5
-4708.0 6175.0 53.1 308 0 22.1 23.9 7.5 2.5 2 1 3 0 0
1720.0 -7620.3 -92.5 309 0 21.1 19.9 7.5 0.0 0 0 3 4 4
-3520.1 5778.2 -78.8 66 0 8.6 16.4 7.5 2.5 2 1 3 4 4
-5506.1 -2107.9 25.7 134 0 14.0 10.8 7.5 2.5 2 0 3 0 0
-3701.3 5248.0 72.3 65 0 12.7 6.3 7.5 2.5 2 0 3 4 4
-3718.4 5269.1 72.5 149 0 7.0 11.8 2.5 2.5 2 1 1 0 0
-3722.1 5284.1 71.2 152 0 11.4 6.7 5.0 2.5 2 0 2 3 3
-3719.1 5250.4 74.4 246 0 7.0 12.2 7.5 2.5 2 1 3 5 5
-3739.2 5270.7 73.5 61 0 6.6 9.9 7.5 2.5 2 1 3 1 1
-3730.1 5244.4 74.1 246 0 8.0 11.4 5.0 2.5 2 1 2 5 5
-3736.2 5229.1 73.9 64 0 6.5 11.0 5.0 2.5 2 1 2 2 2
-2600.0 3319.9 -61.3 12 0 70.5 44.9 14.0 0.0 0 0 4 3 3
-2602.7 3263.7 -62.2 338 0 39.7 46.2 14.0 0.0 0 1 4 2 2
-6650.0 -4107.6 64.1 335 0 6.2 7.3 5.0 2.5 2 1 2 0 0
-1135.5 -425.4 -82.1 274 0 8.3 73.0 7.5 2.5 2 1 3 1 1
-1110.4 -255.3 -78.7 283 0 8.9 35.8 12.5 2.5 4 1 5 3 3
-1072.3 23.5 -77.8 212 0 11.3 25.9 10.0 2.5 2 1 4 5 5
-1098.5 -206.7 -78.0 283 0 9.0 35.0 12.5 2.5 4 1 5 4 4
-1131.5 -346.4 -80.5 103 0 7.8 56.4 10.0 2.5 2 1 4 2 2
-2530.8 1277.5 -44.9 161 0 8.7 22.9 7.5 2.5 2 1 3 2 2
-2490.2 1310.5 -44.7 320 0 8.6 24.6 5.0 2.5 2 1 2 4 4
-2516.1 1244.1 -45.6 342 0 9.0 24.7 5.0 2.5 2 1 2 3 3
-2426.2 1338.3 -43.6 347 0 9.0 24.0 2.5 2.5 4 1 1 4 4
-2250.8 -3183.4 -30.5 12 0 32.7 10.1 15.0 0.0 0 0 6 2 2
-5780.1 2904.5 66.1 62 0 22.2 14.5 10.0 2.5 2 0 4 4 4
-3284.3 3307.3 -59.7 188 0 8.1 100.9 10.0 0.0 0 1 4 2 2
-812.2 -2952.0 -85.0 270 0 14.1 24.3 10.0 2.5 2 1 4 5 5
-790.0 -2954.4 -85.1 271 0 16.3 18.6 7.5 2.5 2 1 3 3 3
-4445.6 -5798.8 -14.8 90 0 12.2 22.7 12.5 2.5 2 1 5 1 1
-3608.8 2645.9 -41.9 347 0 50.0 41.1 12.5 0.0 0 0 5 3 3
-3184.0 2698.8 -53.2 166 0 6.3 8.8 10.0 2.5 4 1 4 4 4
-2800.6 3483.7 -68.6 273 0 9.7 9.7 14.0 3.5 2 1 4 4 4
-3339.8 -5675.5 -16.0 38 0 31.9 29.5 12.5 0.0 0 0 5 3 3
-1762.1 3394.7 -47.9 160 0 23.2 36.7 14.0 0.0 0 1 4 1 1
-1800.5 3323.7 -46.3 253 0 24.3 11.7 14.0 3.5 2 0 4 2 2
-1933.1 4242.0 -86.0 190 0 13.5 8.5 7.0 3.5 2 0 2 4 4
-1912.0 4228.4 -85.9 99 0 6.1 11.8 7.0 3.5 2 1 2 4 4
-1856.5 4162.5 -80.0 320 0 33.4 8.3 7.0 3.5 2 0 2 3 3
-1743.5 3826.6 -52.7 250 0 22.9 61.7 10.5 0.0 0 1 3 2 2
-1846.3 3835.8 -53.2 226 0 13.2 76.9 14.0 0.0 0 1 4 2 2
-1833.4 3879.1 -53.9 198 0 34.4 33.3 14.0 0.0 0 0 4 4 4
-1925.3 3936.6 -57.4 213 0 9.0 19.5 17.5 3.5 4 1 5 2 2
-1864.4 3792.3 -53.1 225 0 42.5 94.6 17.5 0.0 0 1 5 5 5
-3346.9 1719.0 -47.7 185 0 14.6 21.5 10.0 2.5 2 1 4 3 3
-3410.9 1537.9 -43.1 272 0 91.5 28.3 12.5 0.0 0 0 5 5 5
-3400.8 1685.0 -46.6 248 0 17.4 36.7 10.0 2.5 2 1 4 1 1
-3511.1 1799.4 -48.6 104 0 82.7 18.7 12.5 2.5 2 0 5 5 5
-3505.6 1765.5 -48.2 283 0 33.2 17.7 10.0 2.5 2 0 4 0 0
-3560.0 1772.8 -47.6 193 0 29.1 18.6 7.5 2.5 2 0 3 5 5
-3545.5 1665.7 -44.9 282 0 44.3 49.3 10.0 0.0 0 1 4 1 1
-3427.0 1746.9 -47.4 328 0 18.9 25.5 7.5 2.5 4 1 3 3 3
-3329.3 1778.0 -48.0 10 0 12.9 38.6 7.5 2.5 2 1 3 5 5
-3435.8 1582.9 -45.6 88 0 18.8 58.2 12.5 2.5 2 1 5 1 1
-3324.5 1636.6 -46.5 185 0 40.2 22.4 7.5 0.0 0 0 3 0 0
-3299.0 1667.8 -47.3 5 0 26.7 47.9 10.0 0.0 0 1 4 1 1
-3361.5 1740.5 -47.8 96 0 89.5 10.0 7.5 2.5 2 0 3 4 4
-3371.7 1697.1 -47.6 185 0 9.5 67.5 7.5 0.0 0 1 3 3 3
-3376.9 1715.1 -47.4 96 0 17.5 14.3 7.5 2.5 2 0 3 2 2
-2326.4 4482.3 -64.8 22 1 11.9 13.6 14.0 3.5 2 1 4 4 4
-3693.0 -5794.0 -22.1 104 0 19.0 24.8 12.5 2.5 2 1 5 4 4
-3898.1 798.9 -25.7 352 0 23.4 10.4 7.0 2.5 2 0 2 5 5
-3079.5 -36.2 -25.6 350 0 32.5 14.3 10.0 0.0 0 0 4 5 5
-3436.0 161.3 -34.8 342 0 41.0 12.5 10.0 2.5 4 0 4 5 5
-3289.4 -600.7 -28.6 261 0 10.8 16.9 5.0 0.0 0 1 2 0 0
-3167.1 -608.2 -28.9 196 0 11.8 6.4 5.0 2.5 2 0 2 1 1
-2143.4 -3950.9 -25.5 168 0 13.0 30.3 10.0 2.5 2 1 4 3 3
-5506.9 2515.3 62.3 272 0 18.6 31.4 7.5 0.0 0 1 3 5 5
-5524.1 2592.4 62.0 248 0 8.9 26.9 7.5 0.0 0 1 3 0 0
-5597.0 2370.6 62.4 141 0 14.8 37.5 10.0 0.0 0 1 4 0 0
-2085.9 -4023.6 -29.1 271 0 9.6 35.9 10.0 0.0 0 1 4 1 1
-2023.9 -3990.0 -31.3 70 0 17.5 31.9 17.5 0.0 0 1 7 3 3
-2047.9 -3894.4 -28.4 340 0 30.1 35.9 12.5 0.0 0 1 5 4 4
-2086.6 -3969.3 -25.9 71 0 25.5 30.6 10.0 0.0 0 1 4 3 3
-2126.5 -3996.7 -26.8 44 0 11.9 25.4 10.0 2.5 2 1 4 0 0
-2110.6 -3988.3 -26.3 69 0 17.1 19.4 10.0 2.5 2 1 4 0 0
-2168.9 -3995.4 -26.6 343 0 10.0 15.9 7.0 2.5 4 1 2 2 2
-2163.8 -4009.8 -27.3 339 0 9.3 15.4 7.0 0.0 0 1 2 1 1
-2153.0 -4056.3 -29.6 187 0 16.5 21.8 10.0 2.5 2 1 4 2 2
-2175.6 -4065.3 -30.0 9 0 18.9 8.8 7.0 2.5 2 0 2 0 0
-2157.7 -4052.5 -29.2 8 0 10.1 14.2 10.5 2.5 2 1 3 4 4
-2182.7 -4044.6 -28.7 52 0 16.2 6.5 10.5 2.5 2 0 3 0 0
-2115.1 -4149.1 -29.9 359 0 7.2 15.7 5.0 2.5 2 1 2 5 5
-2062.0 -4102.6 -30.7 76 0 17.3 30.2 7.5 0.0 0 1 3 3 3
-2037.4 -4071.0 -31.5 345 0 26.6 18.6 10.0 0.0 0 0 4 3 3
-2026.5 -4104.7 -34.6 348 0 32.7 22.2 12.5 0.0 0 0 5 4 4
-2077.9 -4014.7 -27.9 168 0 8.1 32.9 10.0 0.0 0 1 4 5 5
-2503.2 865.7 -31.0 280 0 10.0 15.6 2.5 2.5 2 1 1 4 4
-2425.8 844.7 -30.4 11 0 7.1 35.4 10.0 2.5 2 1 4 2 2
-5420.0 1705.7 71.3 125 0 9.2 46.6 12.5 0.0 0 1 5 5 5
-2597.6 383.3 -23.4 13 0 12.9 6.4 5.0 2.5 2 0 2 4 4
-2598.3 380.0 -23.4 13 0 6.2 6.5 2.5 2.5 2 1 1 0 0
-2601.9 364.3 -23.3 15 0 6.5 7.4 2.5 2.5 2 1 1 1 1
-2572.3 351.3 -22.3 194 0 7.2 7.4 7.5 2.5 2 1 3 5 5
-2679.2 345.1 -27.0 283 0 10.9 20.3 5.0 2.5 4 1 2 3 3
-2485.8 367.0 -21.7 1 0 6.4 19.3 7.5 0.0 0 1 3 3 3
-2297.7 266.0 -26.6 264 0 131.7 21.6 12.5 0.0 0 0 5 0 0
-2045.8 377.3 -18.9 346 0 7.5 16.2 7.5 0.0 0 1 3 1 1
-2223.4 -7886.0 6.0 284 0 28.4 70.4 7.5 0.0 0 1 3 5 5
-2110.6 -7769.3 7.4 13 0 65.4 51.8 7.5 0.0 0 0 3 4 4
-1968.8 -7976.5 7.9 102 0 61.2 77.7 10.0 0.0 0 1 4 2 2
-1907.2 -7903.0 9.0 194 0 25.3 200.1 12.5 0.0 0 1 5 1 1
-1975.2 -7867.0 8.9 192 0 9.6 55.8 10.0 2.5 4 1 4 0 0
-2404.9 3788.4 -70.5 248 0 33.6 17.4 14.0 3.5 2 0 4 4 4
-1958.6 3945.3 -59.3 297 0 24.7 16.7 17.5 3.5 2 0 5 4 4
-2724.5 -1086.1 -19.0 170 0 29.0 17.1 12.5 2.5 2 0 5 4 4
-2615.2 -1042.1 -16.7 262 0 19.3 38.9 12.5 0.0 0 1 5 5 5
-2679.3 -1049.6 -16.5 262 0 32.6 13.3 10.0 2.5 2 0 4 1 1
-3056.0 686.5 -36.8 291 0 58.7 14.1 10.0 2.5 2 0 4 4 4
-2900.0 734.6 -34.0 303 0 24.2 17.2 10.0 0.0 0 0 4 1 1
-2911.5 704.2 -34.3 35 0 8.2 17.9 7.5 2.5 2 1 3 5 5
-3124.2 234.7 -30.1 169 0 12.0 19.5 2.5 2.5 2 1 1 0 0
-3081.8 100.5 -27.2 222 0 6.8 35.0 7.5 0.0 0 1 3 2 2
-3108.1 -200.2 -27.3 181 0 9.1 30.8 12.5 0.0 0 1 5 1 1
-2748.8 405.4 -28.1 15 0 25.1 23.6 12.5 0.0 0 0 5 5 5
-2776.7 491.3 -30.5 281 0 8.1 56.6 12.5 0.0 0 1 5 0 0
-2724.4 478.0 -28.6 282 0 10.1 12.4 10.5 2.5 4 1 3 1 1
-2802.5 270.3 -28.3 25 0 11.6 11.1 5.0 2.5 2 0 2 0 0
-1869.4 625.2 -17.2 98 0 14.4 62.2 12.5 2.5 2 1 5 2 2
-1858.7 710.6 -17.1 188 0 20.8 11.5 2.5 2.5 2 0 1 3 3
-2334.1 204.7 -28.6 83 0 25.6 24.0 7.5 2.5 2 0 3 2 2
-2026.0 212.2 -20.8 10 0 47.1 8.7 7.5 2.5 2 0 3 5 5
-1981.8 289.2 -18.3 9 0 6.4 13.7 10.0 2.5 2 1 4 3 3
-1923.7 273.5 -19.3 351 0 9.0 17.5 7.5 0.0 0 1 3 3 3
-1970.6 231.7 -20.1 10 0 9.2 37.5 10.0 2.5 2 1 4 4 4
-2017.7 183.0 -21.1 190 0 21.2 18.0 10.0 2.5 2 0 4 1 1
-1947.6 227.3 -21.6 191 0 16.9 18.4 12.5 2.5 2 1 5 4 4
-1568.5 272.6 -12.3 99 0 22.2 47.2 12.5 2.5 2 1 5 0 0
-1798.6 422.5 -13.0 282 0 6.6 36.0 10.0 0.0 0 1 4 5 5
-1695.6 360.2 -11.9 100 0 9.5 11.5 7.5 2.5 2 1 3 5 5
-1606.5 510.0 -13.8 9 0 71.8 19.6 10.0 2.5 2 0 4 0 0
-1589.0 293.8 -12.2 100 0 17.7 42.9 7.5 2.5 2 1 3 0 0
-1650.3 394.3 -12.5 280 0 8.5 41.9 10.0 2.5 2 1 4 4 4
-1637.5 391.4 -12.1 281 0 9.5 41.9 10.0 2.5 2 1 4 2 2
-1624.9 389.5 -11.7 281 0 8.0 42.4 7.5 2.5 2 1 3 5 5
-1613.2 387.4 -11.5 281 0 8.9 41.6 10.0 2.5 2 1 4 4 4
-1560.2 402.2 -10.9 278 0 16.5 8.0 7.5 2.5 2 0 3 4 4
-2522.8 937.6 -31.3 290 0 11.6 17.9 5.0 0.0 0 1 2 2 2
-2535.3 916.4 -31.5 200 0 10.2 9.0 10.0 2.5 2 0 4 2 2
-2502.6 926.9 -30.8 293 0 10.3 10.1 7.5 0.0 0 0 3 2 2
-2108.2 1004.8 -30.2 321 0 54.1 51.9 10.0 0.0 0 0 4 1 1
-2147.4 1031.5 -29.5 229 0 25.8 18.8 10.0 2.5 4 0 4 4 4
-2095.5 989.2 -28.4 320 0 13.9 30.5 10.0 2.5 2 1 4 1 1
-1938.0 886.2 -20.5 98 0 16.9 62.9 10.0 2.5 2 1 4 3 3
-1959.5 894.1 -21.2 99 0 15.9 43.6 10.0 0.0 0 1 4 3 3
-2836.8 955.2 -33.1 85 0 6.3 31.2 10.0 2.5 2 1 4 4 4
-1846.4 -7862.0 9.2 192 0 23.9 150.9 12.5 0.0 0 1 5 0 0
-1775.2 -7782.1 10.2 283 0 53.8 30.7 12.5 0.0 0 0 5 2 2
-1674.0 -7823.5 9.9 13 0 26.3 67.5 10.0 0.0 0 1 4 1 1
-1929.4 -7758.4 10.3 194 0 23.1 82.6 10.0 0.0 0 1 4 3 3
-1951.5 -7771.4 9.5 13 0 31.3 18.6 15.0 0.0 0 0 6 4 4
-1983.0 -7817.0 8.9 193 0 45.1 18.4 12.5 2.5 4 0 5 0 0
-2061.7 -7806.8 7.9 192 0 22.0 16.5 10.0 2.5 2 0 4 4 4
-1653.1 -7829.9 10.0 193 0 18.5 100.4 12.5 0.0 0 1 5 0 0
-1681.1 -7908.8 9.1 103 0 34.9 23.7 7.5 0.0 0 0 3 4 4
-1620.4 -7918.3 9.2 103 0 78.9 23.4 7.5 0.0 0 0 3 2 2
-1898.5 -7925.8 9.5 194 0 14.9 63.2 7.5 2.5 2 1 3 2 2
-2051.1 -7858.0 7.3 11 0 15.1 51.5 10.0 2.5 2 1 4 0 0
-2125.8 -7875.3 7.0 193 0 40.8 20.9 7.5 0.0 0 0 3 4 4
-2137.1 -7925.4 7.0 192 0 61.7 21.0 12.5 2.5 2 0 5 2 2
-2060.4 -7884.1 7.4 248 0 19.9 52.9 7.5 2.5 2 1 3 4 4
-3172.9 -7672.6 -24.4 10 0 13.5 17.7 7.5 2.5 2 1 3 4 4
-3577.8 1891.5 -47.5 93 0 32.9 32.4 10.0 0.0 0 0 4 2 2
-3475.6 1916.4 -49.4 193 0 10.4 39.8 12.5 2.5 4 1 5 5 5
-3412.5 2015.9 -51.5 132 0 25.0 24.2 7.5 2.5 2 0 3 3 3
-3562.5 1530.6 -38.9 191 0 19.8 12.5 5.0 2.5 2 0 2 3 3
-4005.5 1238.7 -22.1 82 0 12.6 22.8 12.5 2.5 2 1 5 4 4
-2528.1 619.6 -26.8 286 0 23.4 19.8 7.5 2.5 2 0 3 3 3
-5759.0 2003.4 66.5 312 0 25.8 9.4 2.5 2.5 4 0 1 1 1
-5779.9 1993.2 66.1 133 0 12.3 6.2 10.0 2.5 2 0 4 2 2
-5810.1 2043.5 65.4 331 0 8.7 8.9 5.0 2.5 2 1 2 3 3
-5997.3 2295.6 63.4 246 0 10.5 7.6 2.5 2.5 2 0 1 5 5
-4785.7 953.3 67.5 19 0 10.8 12.9 5.0 2.5 2 1 2 3 3
-4759.5 891.7 68.8 107 0 8.4 31.9 12.5 2.5 2 1 5 4 4
-4748.2 884.5 70.2 282 0 13.8 12.6 5.0 2.5 2 0 2 0 0
-4746.5 891.1 68.0 114 0 6.1 25.1 2.5 2.5 4 1 1 3 3
-4271.9 -41.1 20.5 86 0 14.9 13.6 7.5 0.0 0 0 3 0 0
-4823.3 -106.4 66.9 94 0 7.1 29.3 7.5 0.0 0 1 3 2 2
-3778.1 -617.4 -30.4 192 0 18.2 14.9 7.5 0.0 0 0 3 0 0
-3953.5 -481.1 -23.1 140 0 10.2 31.0 7.5 2.5 2 1 3 3 3
-5054.9 -2812.8 85.4 304 0 8.7 10.3 7.5 2.5 2 1 3 5 5
-5069.2 -2836.7 85.6 210 0 6.0 10.8 5.0 0.0 0 1 2 1 1
-3996.0 -423.8 -21.3 330 0 13.7 29.3 10.0 0.0 0 1 4 5 5
-6922.5 -2381.0 10.2 70 0 8.1 17.6 7.5 2.5 2 1 3 5 5
-3843.0 482.5 -25.7 350 0 98.4 13.1 2.5 2.5 2 0 1 1 1
-3213.7 2813.9 -52.6 128 0 31.6 73.7 15.0 0.0 0 1 6 2 2
-240.5 -3285.0 -86.4 251 0 14.5 6.6 2.5 2.5 2 0 1 3 3
