-6727.8 -4790.7 -0.2 65 0 13.4 122.3 17.5 0.0 0 0 5 1 1
-6924.2 -4322.5 -60.4 262 0 17.9 17.4 17.5 3.5 2 0 5 0 0
-6611.9 -4298.0 -68.4 299 0 171.6 32.0 17.5 0.0 0 0 5 3 3
-5755.6 -4301.7 -71.5 130 0 49.2 245.5 12.5 0.0 0 1 5 3 3
-6912.0 -4320.7 -60.3 262 0 6.9 91.5 17.5 3.5 2 0 5 5 5
-6887.3 -4307.8 -60.8 360 0 15.7 52.8 14.0 3.5 2 1 4 4 4
-6733.1 -4170.9 -63.1 228 0 14.0 43.2 17.5 3.5 4 1 5 3 3
-6843.8 -4299.7 -62.8 155 0 19.0 22.5 17.5 3.5 2 1 5 2 2
-6803.4 -4294.6 -64.0 64 0 12.1 20.3 17.5 3.5 2 1 5 0 0
-6817.2 -4257.9 -63.0 334 0 12.6 32.1 17.5 0.0 0 1 5 1 1
-6913.8 -3997.3 -64.1 328 0 44.4 11.9 14.0 3.5 2 0 4 2 2
-6851.4 -4097.1 -62.4 329 0 42.9 12.6 14.0 3.5 2 0 4 5 5
-6882.4 -4046.8 -64.3 329 0 63.6 12.6 14.0 3.5 2 0 4 2 2
-6902.6 -5596.7 -41.0 83 0 16.8 51.7 14.0 3.5 2 1 4 5 5
-5869.5 -4439.5 -67.3 77 0 45.3 34.4 12.5 0.0 0 0 5 3 3
-6935.6 -2987.8 -68.1 47 0 30.5 50.5 14.0 0.0 0 1 4 0 0
-6893.0 -5502.1 -42.5 352 0 38.2 19.3 14.0 0.0 0 0 4 5 5
-6800.0 -4952.2 -36.8 132 0 11.5 9.0 14.0 3.5 2 0 4 1 1
-5465.3 -3729.1 -69.0 2 0 134.3 25.2 10.0 0.0 0 0 4 2 2
-6453.0 -4312.9 -68.0 112 0 7.4 24.0 14.0 3.5 2 1 4 5 5
-6759.6 -6000.6 -34.8 106 0 6.4 22.8 10.0 2.5 2 1 4 4 4
-5939.3 -5877.0 41.9 51 0 12.0 23.4 10.0 2.5 2 1 4 5 5
-6000.2 -5392.3 39.2 330 0 54.0 30.9 12.5 0.0 0 0 5 1 1
-4871.0 -6817.6 -55.6 136 0 23.1 24.3 10.0 2.5 2 1 4 3 3
-4846.1 -6788.3 -58.1 136 0 66.7 36.1 10.0 0.0 0 0 4 0 0
-4959.7 -6725.9 -50.4 136 0 50.2 22.3 12.5 2.5 2 0 5 4 4
-5320.9 -6736.4 13.2 355 0 8.9 27.1 5.0 2.5 2 1 2 1 1
-6499.9 -4333.2 -65.4 25 0 11.5 47.4 14.0 3.5 2 1 4 5 5
-6468.9 -4349.5 -65.7 290 0 12.7 9.0 17.5 3.5 2 0 5 1 1
-6515.3 -4349.1 -67.3 296 0 25.5 13.3 17.5 3.5 2 0 5 2 2
-6278.9 -4346.1 -72.0 319 0 6.4 12.4 2.5 0.0 0 1 1 1 1
-6260.0 -4339.3 -72.0 274 0 15.2 6.8 10.0 2.5 2 0 4 0 0
-6049.3 -4873.7 -51.7 94 0 17.5 76.6 14.0 0.0 0 1 4 0 0
-6237.8 -4621.0 -68.6 0 0 15.1 30.7 10.0 2.5 2 1 4 1 1
-6406.2 -4649.2 -60.0 258 0 20.4 27.8 17.5 3.5 2 1 5 2 2
-6260.9 -4753.8 -60.1 125 0 19.4 31.5 14.0 0.0 0 1 4 4 4
-6222.2 -4811.8 -41.7 309 0 15.9 7.6 14.0 0.0 0 0 4 5 5
-5472.1 -3845.6 -70.9 2 0 78.7 6.4 10.0 2.5 2 0 4 4 4
-5394.3 -8058.4 8.1 322 0 18.3 24.3 10.0 0.0 0 1 4 2 2
-6927.2 -4293.1 -61.0 269 0 8.3 9.6 14.0 3.5 2 1 4 3 3
-6230.2 -5475.9 44.4 342 0 9.1 34.0 10.0 2.5 2 1 4 0 0
-6075.6 -5067.8 3.8 208 0 13.5 72.4 15.0 2.5 2 1 6 3 3
-6081.3 -5522.0 49.4 326 0 15.5 40.6 17.5 2.5 2 1 7 5 5
-6077.5 -4904.9 -33.7 301 0 32.2 24.3 14.0 0.0 0 0 4 2 2
-6168.4 -5549.3 50.4 339 0 9.7 33.8 7.5 2.5 2 1 3 5 5
-6084.3 -5388.9 45.3 141 0 17.9 11.9 2.5 2.5 2 0 1 3 3
-6098.0 -5478.2 50.7 18 0 30.7 17.3 12.5 2.5 2 0 5 2 2
-6110.2 -5418.9 49.3 233 0 14.4 41.6 10.0 2.5 2 1 4 4 4
-5834.9 -4914.9 -48.4 320 0 50.4 24.1 14.0 3.5 2 0 4 4 4
-6228.0 -5516.9 46.9 255 0 7.9 44.5 10.0 2.5 2 1 4 3 3
-6059.9 -5468.8 46.7 148 0 15.4 40.9 10.0 0.0 0 1 4 3 3
-6151.9 -4937.2 -27.0 123 0 121.8 28.7 14.0 0.0 0 0 4 0 0
-5963.7 -4597.4 -66.2 112 0 26.0 56.7 14.0 0.0 0 1 4 4 4
-6240.9 -5579.8 44.1 70 0 12.1 30.9 12.5 2.5 2 1 5 0 0
-6196.1 -5474.0 49.4 252 0 33.6 20.5 10.0 2.5 2 0 4 3 3
-5890.2 -4849.1 -51.6 319 0 97.3 41.5 14.0 0.0 0 0 4 5 5
-6066.3 -5431.0 46.0 168 0 13.4 34.3 12.5 2.5 2 1 5 2 2
-6188.8 -4765.3 -57.5 306 0 17.4 23.8 14.0 3.5 2 1 4 4 4
-5863.8 -4983.9 -48.7 218 0 21.7 52.5 14.0 0.0 0 1 4 2 2
-5811.4 -4810.9 -58.3 29 0 11.7 50.5 12.5 2.5 4 1 5 0 0
-5824.0 -4773.2 -60.0 301 0 6.9 15.8 10.0 2.5 2 1 4 0 0
-5888.7 -4763.0 -57.9 210 0 7.2 13.0 7.5 2.5 2 1 3 1 1
-5834.0 -4750.9 -61.9 322 0 31.6 20.0 12.5 2.5 2 0 5 5 5
-5506.1 -6195.4 -1.0 351 0 28.6 56.8 10.0 0.0 0 1 4 4 4
-4542.3 -8224.6 18.6 162 0 17.4 15.5 12.5 2.5 2 0 5 4 4
-4824.2 -7463.4 23.4 148 0 7.4 9.2 10.0 2.5 2 1 4 0 0
-4679.1 -8137.0 57.6 345 0 6.5 28.4 7.5 2.5 4 1 3 5 5
-5698.2 -8496.6 59.2 323 0 22.2 9.1 10.0 2.5 2 0 4 2 2
-6592.2 -4221.8 -65.3 136 0 10.4 8.9 17.5 3.5 2 0 5 4 4
-6119.8 -4673.0 -66.7 168 0 10.1 51.2 14.0 3.5 2 1 4 0 0
-6863.4 -4166.6 -63.3 330 0 32.0 51.4 17.5 0.0 0 1 5 1 1
-4984.1 -7303.0 38.9 94 0 6.4 6.1 7.5 2.5 2 0 3 3 3
-6736.4 -5909.3 -41.9 14 0 12.2 31.8 12.5 2.5 4 1 5 4 4
-6722.9 -5955.5 -36.9 13 0 18.9 12.6 2.5 2.5 2 0 1 5 5
-6414.6 -4871.6 16.7 153 0 15.5 34.9 14.0 3.5 4 1 4 3 3
-5756.7 -5296.4 -28.6 252 0 8.4 12.3 7.5 2.5 2 1 3 2 2
-5763.4 -5268.7 -29.0 33 0 10.1 10.0 5.0 2.5 2 0 2 1 1
-5758.7 -5249.2 -30.8 351 0 12.1 9.3 7.5 2.5 2 0 3 4 4
-5766.5 -5227.0 -31.0 327 0 15.9 8.0 2.5 2.5 2 0 1 3 3
-5787.6 -5193.5 -29.2 329 0 19.6 8.2 7.5 2.5 2 0 3 5 5
-5795.6 -5172.7 -29.5 340 0 16.9 7.7 7.5 2.5 2 0 3 3 3
-5801.8 -5153.9 -30.2 343 0 17.5 7.3 10.0 2.5 2 0 4 0 0
-5804.5 -5134.0 -32.3 359 0 16.5 8.1 5.0 2.5 2 0 2 3 3
-5804.7 -5118.1 -34.3 1 0 11.6 8.4 10.0 0.0 0 0 4 2 2
-5853.4 -4968.8 -41.8 31 0 6.9 18.6 14.0 3.5 2 1 4 3 3
-5914.2 -4922.2 -44.8 122 0 8.0 13.1 14.0 3.5 2 1 4 2 2
-5908.4 -4943.0 -42.4 141 0 31.4 13.7 14.0 3.5 2 0 4 2 2
-5899.0 -4926.2 -44.3 123 0 20.2 8.1 14.0 3.5 2 0 4 5 5
-5943.7 -4899.4 -46.9 139 0 25.0 32.0 14.0 0.0 0 1 4 0 0
-6035.2 -4038.2 -71.6 217 0 64.7 107.1 10.5 0.0 0 1 3 1 1
-5870.4 -4327.9 -71.6 316 0 10.8 39.8 14.0 3.5 2 1 4 2 2
-6853.1 -4454.5 -54.4 80 0 57.7 14.8 14.0 0.0 0 0 4 3 3
-6885.1 -4499.6 -51.7 164 0 7.9 59.9 17.5 3.5 2 1 5 5 5
-6888.6 -4512.5 -49.8 342 0 6.9 8.5 17.5 3.5 2 1 5 3 3
-6890.9 -4505.1 -51.3 342 0 8.7 8.5 17.5 3.5 2 0 5 2 2
-6894.9 -4492.4 -52.6 342 0 10.6 8.5 17.5 3.5 2 0 5 5 5
-6930.2 -4493.1 -53.5 174 0 9.9 33.1 17.5 3.5 2 1 5 3 3
-6812.3 -4411.2 -58.9 191 0 10.5 10.8 14.0 3.5 2 1 4 4 4
-6759.8 -4389.9 -62.9 322 0 10.3 7.9 17.5 3.5 2 0 5 0 0
-6774.7 -4386.3 -63.1 142 0 13.9 9.4 17.5 3.5 2 0 5 3 3
-6784.1 -4374.3 -63.1 142 0 16.8 10.5 17.5 0.0 0 0 5 0 0
-6833.4 -4372.9 -60.9 279 0 9.7 17.1 14.0 0.0 0 1 4 2 2
-6834.8 -4415.4 -57.9 59 0 16.1 7.8 14.0 3.5 2 0 4 2 2
-6842.8 -4386.1 -59.5 248 0 10.3 9.5 14.0 3.5 2 0 4 2 2
-6856.1 -4396.8 -59.0 248 0 22.2 8.8 14.0 3.5 2 0 4 0 0
-6875.4 -4409.8 -56.9 248 0 23.4 7.9 14.0 3.5 2 0 4 3 3
-6903.7 -4430.5 -56.3 158 0 8.7 22.3 14.0 3.5 4 1 4 4 4
