-5508.8 -8135.4 -17.4 290 0 13.7 34.9 10.0 2.5 2 0 4 1 1
-4128.6 -7105.7 -13.5 61 0 7.5 10.9 14.0 3.5 2 0 4 4 4
-3962.5 -7197.3 -9.4 145 0 15.5 18.2 14.0 3.5 2 0 4 5 5
-3602.0 -8553.9 -1.0 170 0 8.0 26.0 10.0 2.5 2 0 4 5 5
-5604.6 -8049.7 -17.7 23 0 19.1 30.3 7.5 2.5 2 1 3 3 3
-6765.7 -6213.2 -17.2 13 0 12.1 6.4 5.0 2.5 2 0 2 0 0
-4410.2 -8158.8 -6.0 73 0 43.3 36.3 14.0 0.0 0 0 4 2 2
-4594.4 -7347.7 -18.5 79 0 18.4 13.7 10.5 0.0 0 0 3 0 0
-5521.2 -8184.3 -17.3 98 0 7.4 7.7 7.5 2.5 2 1 3 1 1
-5515.8 -8077.2 -17.3 202 0 6.7 16.9 7.5 2.5 2 1 3 0 0
-4461.8 -7270.4 -16.9 89 0 6.2 19.0 7.5 2.5 4 1 3 5 5
-4559.5 -7327.7 -18.4 72 0 7.7 7.1 10.5 3.5 4 0 3 2 2
-4505.4 -7459.3 -16.4 84 0 10.8 18.2 10.0 2.5 2 1 4 4 4
-4443.1 -7274.1 -17.5 165 0 6.2 13.9 7.5 2.5 4 1 3 5 5
-4436.1 -7232.6 -18.8 270 0 7.6 17.4 5.0 2.5 2 1 2 2 2
-5557.9 -8012.2 -16.5 95 0 19.1 8.8 7.5 2.5 2 0 3 0 0
-4332.1 -8421.3 -4.8 76 0 22.8 14.2 17.5 0.0 0 0 7 3 3
-4198.4 -8446.9 1.0 249 0 15.2 8.1 14.0 3.5 2 0 4 5 5
-5577.3 -8057.7 -17.5 287 0 9.4 7.8 5.0 2.5 2 0 2 3 3
-4080.7 -7104.4 -12.4 217 0 11.8 17.6 14.0 0.0 0 0 4 3 3
-3302.7 -8582.4 4.8 46 0 15.9 14.5 7.0 2.5 2 0 2 2 2
-3387.2 -8540.3 2.0 137 0 35.0 93.9 10.0 0.0 0 0 4 1 1
-3317.4 -8573.6 4.6 47 0 6.9 7.1 7.0 2.5 2 0 2 5 5
-3351.0 -8559.4 3.5 137 0 20.9 16.4 10.0 2.5 2 0 4 2 2
-3371.2 -8563.6 3.4 228 0 21.4 10.2 10.5 0.0 0 0 3 2 2
-3325.3 -8568.2 4.3 48 0 7.1 7.2 10.5 2.5 2 1 3 3 3
-3296.1 -8553.1 3.6 46 0 25.0 44.3 10.0 0.0 0 1 4 5 5
-3396.7 -8485.0 1.9 47 0 20.1 35.8 12.5 0.0 0 1 5 0 0
-3323.4 -8583.8 4.5 47 0 6.9 8.6 14.0 2.5 4 1 4 2 2
-4571.5 -6907.4 -17.1 122 0 28.8 44.4 14.0 0.0 0 1 4 5 5
-4459.1 -6857.7 -14.6 291 0 28.4 40.2 14.0 3.5 2 1 4 1 1
-2388.1 -8575.0 1.9 37 0 7.3 17.3 10.5 0.0 0 1 3 1 1
-2349.7 -8526.7 1.1 38 0 12.0 11.9 10.5 3.5 2 0 3 3 3
-2366.0 -8545.0 1.3 37 0 7.7 12.7 10.5 0.0 0 1 3 3 3
-2371.5 -8552.9 1.4 36 0 9.3 19.9 10.5 3.5 2 1 3 1 1
-2382.1 -8566.7 1.6 37 0 9.7 11.2 10.5 3.5 2 1 3 5 5
-2360.3 -8585.8 1.8 217 1 16.1 15.0 14.0 3.5 2 0 4 2 2
-2327.5 -8371.6 -9.2 42 0 6.8 10.3 14.0 3.5 2 0 4 3 3
-2713.5 -8026.6 -11.0 295 0 15.4 6.1 7.5 0.0 0 0 3 0 0
-2567.0 -8327.6 4.1 129 0 6.4 21.4 12.5 0.0 0 1 5 0 0
-2588.8 -8304.3 3.8 128 0 18.1 15.5 12.5 2.5 2 0 5 4 4
-2641.8 -8253.8 3.7 130 0 18.8 13.5 7.5 2.5 2 0 3 0 0
-2661.4 -8242.9 4.8 130 0 17.1 13.7 7.5 2.5 2 0 3 2 2
-2452.8 -8390.3 2.1 218 0 7.9 24.6 14.0 0.0 0 1 4 1 1
-2617.4 -8274.4 3.5 218 0 7.8 20.2 10.0 0.0 0 1 4 0 0
-2451.5 -8592.2 3.0 79 0 9.8 19.2 10.5 3.5 2 1 3 2 2
-2454.2 -8559.7 2.6 217 0 9.4 12.3 10.5 3.5 2 1 3 3 3
-2398.1 -8441.7 1.7 37 1 16.6 13.7 14.0 3.5 2 0 4 5 5
-2408.6 -8500.6 2.3 219 0 7.9 14.2 10.5 0.0 0 1 3 5 5
-2416.2 -8513.1 2.3 218 0 11.7 11.1 10.5 3.5 2 0 3 5 5
-2428.4 -8472.9 3.6 38 1 10.5 10.8 14.0 3.5 2 1 4 1 1
-2427.9 -8528.8 2.3 218 0 10.0 8.9 10.5 3.5 4 0 3 5 5
-2437.6 -8484.5 3.6 38 1 12.7 12.1 14.0 3.5 2 0 4 2 2
-2479.8 -8385.7 2.6 37 0 18.1 12.2 5.0 2.5 2 0 2 3 3
-2499.2 -8453.5 3.7 218 1 10.6 10.3 14.0 3.5 2 0 4 1 1
-2565.5 -8391.6 5.8 309 0 10.9 21.9 5.0 2.5 2 1 2 2 2
-2557.7 -8478.1 4.9 18 0 9.3 10.0 5.0 2.5 2 1 2 1 1
-2584.6 -8492.1 4.3 92 0 6.7 9.5 5.0 2.5 2 1 2 2 2
-2591.3 -8491.9 4.2 92 0 6.7 9.5 5.0 2.5 2 1 2 4 4
-2624.1 -8490.2 3.9 94 0 7.0 9.3 2.5 2.5 2 1 1 3 3
-2554.8 -8361.8 5.0 218 0 6.8 12.7 5.0 2.5 2 1 2 0 0
-2493.6 -8403.5 3.3 37 0 11.3 9.8 5.0 2.5 2 0 2 3 3
-2660.9 -8338.5 6.6 218 0 11.8 8.9 5.0 2.5 2 0 2 3 3
-2639.8 -8419.6 5.7 39 0 9.6 10.6 2.5 2.5 2 1 1 4 4
-2675.5 -8355.5 6.4 218 0 9.0 11.6 5.0 2.5 2 1 2 1 1
-2683.3 -8365.6 6.3 218 0 7.3 11.5 5.0 2.5 2 1 2 1 1
-2580.7 -8335.0 6.1 308 0 7.7 19.8 5.0 0.0 0 1 2 2 2
-2731.9 -8429.8 5.1 191 0 10.8 12.5 5.0 0.0 0 1 2 0 0
-2592.8 -8364.3 6.4 38 0 13.0 13.1 5.0 2.5 2 1 2 5 5
-2740.6 -8197.9 6.6 2 0 7.4 18.1 5.0 2.5 2 1 2 5 5
-2739.8 -8243.2 7.2 6 0 7.7 13.2 7.5 2.5 2 1 3 1 1
-2743.5 -8258.8 7.1 96 0 8.3 6.4 5.0 2.5 2 0 2 3 3
-2744.1 -8298.6 6.6 7 0 8.9 6.5 2.5 2.5 2 0 1 5 5
-2749.2 -8329.1 6.4 8 0 9.2 6.8 5.0 2.5 4 0 2 1 1
-2752.1 -8363.6 5.8 7 0 9.2 6.0 2.5 2.5 4 0 1 3 3
-2754.2 -8387.6 6.0 7 0 9.2 6.5 2.5 2.5 2 0 1 3 3
-2755.3 -8396.7 6.1 6 0 9.2 6.5 2.5 2.5 2 0 1 0 0
-2759.3 -8426.9 6.0 7 0 9.2 6.2 5.0 2.5 2 0 2 4 4
-2760.4 -8436.0 6.0 7 0 9.1 6.2 5.0 2.5 2 0 2 3 3
-2760.8 -8450.0 5.8 3 0 6.0 9.0 5.0 2.5 2 1 2 3 3
-2766.3 -8465.8 5.5 93 0 8.8 6.1 5.0 2.5 2 0 2 5 5
-2828.8 -8372.8 5.3 353 0 9.5 14.5 5.0 2.5 4 1 2 3 3
-2823.3 -8465.9 6.1 85 0 9.4 14.6 5.0 2.5 2 1 2 2 2
-2824.4 -8399.1 5.6 355 0 14.6 9.4 5.0 2.5 4 0 2 5 5
-2804.1 -8432.1 6.1 187 0 6.5 14.6 5.0 2.5 2 1 2 3 3
-2833.0 -8207.9 6.7 160 0 8.2 13.9 5.0 2.5 2 1 2 1 1
-2828.6 -8222.3 6.9 162 0 13.4 12.8 7.5 2.5 2 0 3 1 1
-2814.3 -8256.3 6.5 77 0 9.6 10.7 5.0 2.5 2 1 2 2 2
-2804.0 -8274.4 6.0 268 0 6.6 11.5 2.5 2.5 2 1 1 0 0
-2815.2 -8305.2 5.6 175 0 9.5 16.8 7.5 0.0 0 1 3 4 4
-2810.5 -8341.5 5.4 175 0 9.8 10.2 2.5 2.5 2 1 1 3 3
-2808.6 -8358.5 5.3 172 0 9.3 8.6 5.0 0.0 0 0 2 3 3
-2792.1 -8470.0 5.6 85 0 8.1 15.1 5.0 2.5 2 1 2 4 4
-2891.5 -8125.7 6.3 339 0 8.1 12.5 2.5 2.5 4 1 1 3 3
-2878.8 -8158.7 6.6 340 0 10.7 7.3 7.5 2.5 2 0 3 4 4
-2874.0 -8170.0 6.6 340 0 8.9 8.3 2.5 2.5 2 0 1 2 2
-2858.8 -8212.9 6.8 344 0 8.0 8.9 7.5 0.0 0 1 3 4 4
-2854.4 -8226.1 6.6 346 0 8.3 14.3 5.0 2.5 2 1 2 2 2
-2848.2 -8251.3 6.2 348 0 10.1 11.4 5.0 2.5 2 1 2 3 3
-2906.0 -8088.9 5.7 334 0 7.3 12.3 5.0 0.0 0 1 2 3 3
-2716.4 -8289.4 6.3 186 0 8.0 11.3 5.0 2.5 2 1 2 0 0
-2688.0 -8617.1 4.2 99 0 10.5 7.7 5.0 2.5 2 0 2 5 5
-2776.9 -8552.7 4.3 271 0 19.0 17.0 10.0 2.5 2 0 4 1 1
-2780.9 -8523.9 4.4 296 0 6.5 10.9 2.5 2.5 2 1 1 4 4
-2764.8 -8522.7 4.2 275 0 9.5 8.5 5.0 2.5 2 0 2 0 0
-2768.4 -8593.7 4.4 2 0 6.5 8.6 2.5 2.5 2 1 1 5 5
-2271.4 -8541.7 -1.2 38 1 10.6 20.1 14.0 3.5 2 1 4 1 1
-2285.3 -8585.4 0.2 39 0 23.3 11.4 14.0 3.5 2 0 4 2 2
-3092.8 -8621.2 3.5 141 0 9.3 11.2 5.0 2.5 2 1 2 0 0
-3120.8 -8588.5 3.9 140 0 13.0 8.8 2.5 2.5 2 0 1 0 0
-3129.6 -8578.7 4.0 142 0 8.0 14.8 2.5 2.5 2 1 1 3 3
-3139.0 -8567.3 4.0 140 0 8.1 12.0 5.0 2.5 2 1 2 0 0
-3143.4 -8556.9 4.1 139 0 8.9 12.3 5.0 2.5 2 1 2 4 4
-3159.5 -8536.1 4.0 143 0 8.8 11.9 5.0 2.5 2 1 2 2 2
-3178.1 -8505.0 3.7 232 0 10.2 17.2 2.5 2.5 2 1 1 4 4
-3172.8 -8455.1 2.8 342 0 7.3 12.1 5.0 2.5 2 1 2 4 4
-3154.4 -8443.5 2.1 49 0 7.8 17.3 5.0 2.5 2 1 2 3 3
-3237.4 -8347.2 -0.2 319 0 8.6 15.6 2.5 2.5 2 1 1 2 2
-3244.1 -8339.3 -0.5 320 0 8.5 7.6 5.0 2.5 2 0 2 1 1
-3285.3 -8294.6 -0.2 315 0 7.8 10.6 5.0 2.5 2 1 2 1 1
-3290.9 -8289.1 -0.6 315 0 7.8 10.6 5.0 2.5 2 1 2 1 1
-3304.4 -8280.3 -0.8 226 0 10.3 7.5 5.0 2.5 2 0 2 2 2
-3309.6 -8274.8 -0.9 226 0 10.3 7.5 5.0 2.5 2 0 2 2 2
-3318.4 -8266.0 -1.2 46 0 10.6 7.6 5.0 2.5 2 0 2 1 1
-3342.1 -8235.5 -0.9 316 0 6.3 8.7 5.0 2.5 4 1 2 2 2
-3063.9 -8556.6 4.0 325 0 8.5 12.5 5.0 2.5 2 1 2 0 0
-3069.0 -8547.5 4.0 322 0 8.0 13.7 5.0 2.5 2 1 2 2 2
-3084.2 -8526.6 3.7 324 0 9.2 10.0 5.0 0.0 0 1 2 5 5
-3130.8 -8478.5 2.9 233 0 8.3 6.8 2.5 0.0 0 0 1 3 3
-3255.8 -7779.6 -0.0 45 0 8.8 37.1 14.0 0.0 0 1 4 5 5
-3127.2 -7868.0 2.0 318 0 9.9 18.8 10.5 3.5 2 1 3 3 3
-3105.5 -7924.3 2.0 49 0 10.3 52.5 10.5 3.5 2 1 3 4 4
-3681.2 -7475.0 0.5 328 0 8.5 12.4 14.0 3.5 2 1 4 1 1
-3218.2 -7816.3 1.6 130 1 16.4 11.1 14.0 3.5 2 0 4 0 0
-3574.0 -7465.3 1.2 125 0 15.9 12.4 10.5 3.5 2 0 3 1 1
-3694.1 -7339.1 -1.4 306 0 10.1 13.5 10.5 0.0 0 1 3 0 0
-3614.8 -7429.2 0.3 127 0 31.2 9.1 10.5 3.5 2 0 3 2 2
-3637.2 -7418.5 -0.4 127 0 12.9 12.9 10.5 0.0 0 1 3 5 5
-3612.3 -7459.1 1.7 36 0 8.0 8.7 10.5 3.5 2 1 3 3 3
-3589.5 -7458.1 1.0 126 0 9.6 15.5 10.5 3.5 2 1 3 2 2
-3606.0 -7462.5 1.8 217 0 9.0 16.6 10.5 3.5 2 1 3 4 4
-3232.4 -7811.1 1.3 91 1 10.1 17.3 14.0 3.5 4 1 4 5 5
-3593.7 -7551.9 2.0 125 0 8.9 6.3 10.5 3.5 2 0 3 2 2
-3198.4 -7940.5 2.5 47 0 8.5 6.9 10.5 3.5 2 0 3 1 1
-3166.9 -8012.9 3.5 138 0 14.3 9.7 10.5 3.5 2 0 3 2 2
-3557.4 -7507.8 2.7 37 0 7.5 12.2 10.5 3.5 2 1 3 2 2
-3112.4 -7975.2 4.2 47 0 7.9 12.9 10.5 3.5 4 1 3 4 4
-3693.5 -7412.3 -0.7 151 0 7.3 6.1 10.5 3.5 4 0 3 1 1
-3178.6 -8035.4 3.7 316 0 8.3 9.5 14.0 3.5 4 1 4 0 0
-3690.1 -7418.7 -0.3 152 0 7.3 6.1 10.5 3.5 4 0 3 3 3
-3184.3 -8029.4 3.6 316 0 8.3 9.5 14.0 3.5 2 1 4 5 5
-3251.5 -7870.6 2.8 307 0 10.7 12.9 10.5 3.5 2 1 3 5 5
-3686.6 -7427.8 -0.0 149 0 6.4 8.2 10.5 3.5 2 1 3 2 2
-3101.8 -7966.3 4.4 48 0 8.5 15.2 10.5 3.5 2 1 3 2 2
-3093.3 -7956.9 4.6 49 0 7.8 12.5 10.5 3.5 2 1 3 5 5
-3683.3 -7433.3 0.0 149 0 6.4 8.2 10.5 3.5 2 1 3 0 0
-3550.9 -7479.1 1.6 124 0 7.6 10.6 10.5 3.5 4 1 3 0 0
-3258.9 -7912.9 2.6 136 0 8.2 8.4 10.5 3.5 2 1 3 0 0
-3678.2 -7441.2 0.3 150 0 7.8 10.3 10.5 3.5 2 1 3 5 5
-3538.5 -7481.0 1.6 34 0 10.6 7.6 10.5 3.5 2 0 3 5 5
-3270.3 -7849.2 2.4 316 0 7.2 9.2 10.5 3.5 4 1 3 4 4
-3084.2 -7949.8 4.7 48 0 11.1 14.8 10.5 3.5 2 1 3 3 3
-3176.5 -7967.4 3.7 228 0 8.8 7.0 10.5 0.0 0 0 3 1 1
-3184.8 -7994.5 3.5 137 0 7.3 9.8 10.5 3.5 2 1 3 4 4
-3264.6 -7906.9 2.7 136 0 8.2 8.5 10.5 3.5 2 1 3 4 4
-3036.9 -7943.7 3.7 229 0 11.9 19.5 5.0 0.0 0 1 2 0 0
-3075.9 -7942.6 4.6 48 0 8.4 12.6 10.5 3.5 2 1 3 4 4
-3282.5 -7840.3 2.1 317 0 6.7 8.1 10.5 3.5 2 1 3 1 1
-3274.7 -7899.2 2.5 136 0 8.2 9.2 10.5 3.5 2 1 3 3 3
-3071.8 -7917.8 3.8 309 0 8.3 10.6 10.5 3.5 2 1 3 1 1
-3670.5 -7453.0 0.7 148 0 14.5 9.2 10.5 3.5 2 0 3 0 0
-3293.7 -7826.1 1.7 316 0 7.0 7.9 10.5 3.5 2 1 3 5 5
-3280.5 -7893.3 2.4 136 0 8.2 9.2 10.5 3.5 2 1 3 3 3
-3665.9 -7465.5 1.2 147 0 6.4 8.3 10.5 3.5 2 1 3 1 1
-3287.8 -7882.3 2.1 138 0 8.1 6.9 10.5 3.5 2 0 3 2 2
-3313.0 -7806.4 1.1 315 0 9.7 9.5 10.5 3.5 2 0 3 1 1
-3662.4 -7470.8 1.3 147 0 6.4 8.3 10.5 3.5 2 1 3 2 2
-3293.3 -7876.3 2.0 138 0 8.1 6.9 10.5 3.5 4 0 3 5 5
-3322.8 -7796.7 0.5 315 0 9.4 9.2 10.5 3.5 2 0 3 4 4
-3584.6 -7546.7 2.0 35 0 6.3 8.9 10.5 3.5 2 1 3 2 2
-3192.2 -7934.7 2.3 47 0 8.6 6.8 10.5 3.5 2 0 3 4 4
-3304.2 -7868.0 1.7 136 0 9.4 8.1 10.5 3.5 4 0 3 4 4
-3310.8 -7861.3 1.5 136 0 9.4 8.1 10.5 3.5 2 0 3 1 1
-3341.5 -7781.1 -0.5 316 0 8.3 7.5 10.5 3.5 2 0 3 5 5
-3318.5 -7849.9 1.3 135 0 8.3 7.7 10.5 3.5 2 0 3 0 0
-3347.2 -7775.2 -0.8 316 0 8.3 7.5 10.5 3.5 4 0 3 4 4
-3324.4 -7844.0 1.1 135 0 8.3 7.8 10.5 3.5 2 0 3 4 4
-3354.8 -7763.9 -1.0 316 0 7.6 9.4 10.5 3.5 2 1 3 2 2
-3335.4 -7835.5 0.8 137 0 9.9 9.0 10.5 3.5 2 0 3 4 4
-3360.1 -7758.4 -0.9 316 0 7.6 9.4 10.5 3.5 4 1 3 3 3
-3115.9 -8011.7 3.8 228 0 8.5 17.2 5.0 2.5 2 1 2 4 4
-3169.9 -7961.5 3.8 228 0 8.8 7.1 10.5 3.5 2 0 3 0 0
-3189.7 -7989.2 3.5 137 0 7.3 9.8 10.5 3.5 2 1 3 3 3
-3342.1 -7828.2 0.6 137 0 10.0 9.0 10.5 3.5 2 0 3 3 3
-3372.1 -7749.6 -0.5 316 0 8.2 7.9 10.5 3.5 2 0 3 2 2
-3349.6 -7817.0 0.4 135 0 8.3 7.8 10.5 3.5 2 0 3 0 0
-3377.8 -7743.7 -0.2 316 0 8.2 7.9 10.5 3.5 2 0 3 2 2
-3355.4 -7811.2 0.2 135 0 8.3 7.8 10.5 3.5 2 0 3 0 0
-3623.0 -7523.4 1.6 137 0 6.2 13.2 10.5 3.5 2 1 3 0 0
-3613.6 -7530.7 1.7 130 0 7.8 12.7 10.5 3.5 2 1 3 0 0
-3365.3 -7803.2 -0.3 136 0 7.8 9.2 10.5 3.5 2 1 3 1 1
-3370.8 -7797.5 -0.6 136 0 7.9 9.3 10.5 3.5 2 1 3 0 0
-3577.2 -7533.1 2.1 35 0 9.0 13.5 10.5 3.5 4 1 3 1 1
-3140.7 -7999.5 3.8 50 0 7.4 13.4 10.5 3.5 2 1 3 2 2
-3378.1 -7786.4 -1.2 135 0 7.9 7.2 10.5 3.5 2 0 3 2 2
-3383.6 -7780.8 -1.2 135 0 7.9 7.2 10.5 3.5 2 0 3 1 1
-3392.2 -7771.7 -1.0 135 0 8.0 7.1 10.5 3.5 4 0 3 5 5
-3397.8 -7765.9 -0.8 136 0 8.0 7.1 10.5 3.5 2 0 3 5 5
-3409.4 -7757.1 -0.5 137 0 12.2 11.6 10.5 3.5 2 0 3 2 2
-3239.1 -7878.8 2.6 296 0 13.0 9.7 10.5 3.5 4 0 3 0 0
-3700.8 -7394.2 -1.2 162 0 7.5 6.1 10.5 3.5 2 0 3 5 5
-3131.2 -7991.6 3.9 49 0 8.3 13.0 10.5 3.5 2 1 3 1 1
-3162.9 -8070.5 4.6 136 1 10.2 11.3 14.0 3.5 2 1 4 1 1
-3527.8 -7500.4 1.9 215 0 16.0 25.9 14.0 0.0 0 1 4 0 0
-3698.5 -7401.3 -1.2 162 0 7.5 6.1 10.5 3.5 4 0 3 0 0
-3122.4 -7983.5 4.1 49 0 7.7 12.6 10.5 3.5 2 1 3 5 5
-3578.4 -7498.0 2.5 304 0 12.6 8.9 10.5 0.0 0 0 3 3 3
-3642.0 -7437.1 0.6 36 0 6.2 6.5 10.5 0.0 0 1 3 0 0
-3671.0 -7382.3 -1.7 308 0 6.3 11.4 10.5 3.5 4 1 3 2 2
-3636.0 -7440.0 0.9 216 0 11.2 6.1 10.5 3.5 2 0 3 4 4
-3144.6 -7918.6 2.1 319 0 73.3 6.0 10.5 0.0 0 0 3 5 5
-3623.1 -7465.5 1.9 307 0 10.9 6.0 10.5 0.0 0 0 3 4 4
-3609.6 -7485.1 2.2 36 0 11.3 6.3 10.5 3.5 2 0 3 3 3
-3458.6 -8061.7 -3.4 157 1 10.1 11.4 14.0 3.5 2 1 4 0 0
-3463.9 -8050.8 -3.3 156 1 10.2 11.6 14.0 3.5 2 1 4 1 1
-3468.9 -8039.5 -3.2 155 1 10.5 11.4 14.0 3.5 2 1 4 3 3
-3620.4 -7779.4 -7.5 139 1 10.1 11.6 14.0 3.5 2 1 4 1 1
-3566.7 -7902.6 -6.5 335 1 10.7 13.5 14.0 3.5 2 1 4 0 0
-3659.0 -7778.2 -8.9 315 1 11.7 11.1 14.0 3.5 2 0 4 5 5
-3355.9 -8069.9 -1.2 56 0 9.5 7.9 5.0 2.5 2 0 2 5 5
-3316.4 -8030.8 0.4 319 0 7.8 9.8 2.5 2.5 2 1 1 5 5
-3324.4 -8021.4 0.3 320 0 7.8 9.5 2.5 2.5 4 1 1 4 4
-3369.0 -8059.2 -1.2 147 0 7.7 9.9 5.0 2.5 2 1 2 3 3
-3337.2 -8005.9 0.4 320 0 7.7 10.8 2.5 2.5 2 1 1 0 0
-3379.7 -8042.5 -1.1 146 0 7.9 9.5 5.0 2.5 2 1 2 0 0
-3330.0 -8074.8 -0.6 57 0 7.9 10.6 5.0 2.5 2 1 2 1 1
-3384.1 -8035.9 -1.0 146 0 7.9 9.5 5.0 2.5 2 1 2 1 1
-3356.0 -7985.6 0.7 320 0 7.8 9.6 5.0 2.5 2 1 2 0 0
-3397.5 -8006.0 -0.1 147 0 7.8 10.2 2.5 2.5 2 1 1 5 5
-3366.9 -7968.5 0.8 320 0 7.9 10.9 2.5 2.5 2 1 1 1 1
-3381.1 -7950.2 0.4 321 0 10.1 7.9 5.0 2.5 2 0 2 0 0
-3393.5 -7953.7 0.3 231 0 7.9 10.1 7.5 2.5 2 1 3 4 4
-3411.5 -7981.9 0.1 147 0 7.9 10.9 5.0 2.5 2 1 2 3 3
-3404.4 -7958.4 0.1 235 0 7.7 9.8 2.5 2.5 2 1 1 4 4
-3323.4 -8070.5 -0.2 57 0 7.9 10.6 5.0 2.5 2 1 2 4 4
-3301.3 -8044.5 0.7 321 0 7.9 10.3 2.5 2.5 2 1 1 4 4
-3441.1 -8274.1 -0.9 169 0 7.9 11.2 5.0 2.5 2 1 2 4 4
-3369.3 -8233.0 -1.2 258 0 6.3 9.2 5.0 2.5 2 1 2 0 0
-3677.6 -8175.8 -5.0 343 0 12.3 7.4 10.5 0.0 0 0 3 0 0
-3405.8 -8242.6 -1.1 258 0 7.8 8.7 5.0 2.5 2 1 2 0 0
-3403.3 -8294.2 -1.1 80 0 7.5 9.9 5.0 2.5 2 1 2 2 2
-3473.6 -8223.8 -2.9 270 0 7.8 10.7 5.0 2.5 4 1 2 0 0
-3401.1 -8347.6 -1.7 54 0 10.5 7.8 5.0 2.5 2 0 2 0 0
-3494.7 -8213.9 -3.6 267 0 7.2 10.6 5.0 2.5 2 1 2 1 1
-3441.8 -8284.1 -0.7 169 0 7.9 10.7 5.0 2.5 2 1 2 2 2
-3682.2 -8160.5 -5.1 345 0 12.4 7.5 10.5 3.5 2 0 3 3 3
-3377.5 -8306.1 -1.8 234 0 7.8 10.3 5.0 0.0 0 1 2 0 0
-3534.2 -8210.8 -4.2 267 0 7.3 10.6 5.0 2.5 2 1 2 1 1
-3371.2 -8301.5 -1.8 234 0 7.8 10.3 5.0 2.5 2 1 2 0 0
-3573.6 -8210.8 -4.8 267 0 7.2 10.9 2.5 0.0 0 1 1 5 5
-3586.1 -8217.0 -4.9 266 0 7.2 10.7 5.0 2.5 2 1 2 3 3
-3593.3 -8217.4 -4.9 266 0 7.2 10.7 5.0 0.0 0 1 2 5 5
-3434.0 -8304.1 -0.9 169 0 10.5 7.8 5.0 2.5 2 0 2 0 0
-3688.8 -8143.8 -5.3 344 0 12.9 7.4 10.5 3.5 2 0 3 4 4
-3706.0 -8177.5 -4.3 74 0 7.1 9.5 10.5 3.5 2 1 3 3 3
-3463.9 -8273.8 -1.6 0 0 8.0 10.4 2.5 2.5 2 1 1 5 5
-3421.5 -8307.0 -1.0 79 0 7.8 10.5 7.5 0.0 0 1 3 4 4
-3390.5 -8239.4 -1.1 258 0 7.8 8.7 2.5 2.5 2 1 1 3 3
-3607.9 -8231.9 -4.8 259 0 6.9 8.2 5.0 2.5 2 1 2 0 0
-3637.9 -8252.7 -4.6 262 0 8.7 11.0 5.0 2.5 2 1 2 5 5
-3606.4 -8248.0 -4.8 170 0 8.3 6.9 5.0 2.5 4 0 2 0 0
-3398.2 -8241.0 -1.1 258 0 7.8 8.7 5.0 2.5 2 1 2 5 5
-3813.3 -7738.3 -8.4 289 0 12.6 8.8 10.5 3.5 2 0 3 3 3
-3733.5 -7866.9 -8.9 140 0 6.6 8.8 10.5 3.5 2 1 3 1 1
-3741.9 -7903.0 -7.9 24 0 7.1 7.9 10.5 3.5 2 1 3 2 2
-3739.9 -7856.0 -9.0 138 0 6.7 8.1 10.5 3.5 2 1 3 5 5
-3750.4 -7845.3 -9.0 136 0 12.1 7.2 10.5 3.5 2 0 3 5 5
-3752.5 -7886.1 -8.1 293 0 7.7 7.4 10.5 3.5 2 0 3 4 4
-3761.3 -7833.6 -8.9 136 0 12.1 7.2 10.5 0.0 0 0 3 0 0
-3762.3 -7874.4 -8.1 294 0 6.8 8.5 10.5 3.5 2 1 3 5 5
-3775.8 -7824.5 -8.8 136 0 12.1 7.2 10.5 3.5 2 0 3 4 4
-3768.3 -7859.7 -8.2 293 0 7.9 9.7 10.5 3.5 2 1 3 2 2
-3982.9 -7698.3 -11.6 272 0 6.8 9.6 10.5 3.5 2 1 3 0 0
-3673.5 -7870.7 -8.5 317 0 8.2 6.6 10.5 3.5 2 0 3 4 4
-3784.3 -7810.3 -8.6 139 0 10.6 7.3 10.5 3.5 2 0 3 5 5
-3778.4 -7852.9 -8.1 293 0 7.8 10.1 10.5 3.5 2 1 3 2 2
-3796.9 -7797.5 -8.1 134 0 10.6 8.1 10.5 3.5 4 0 3 5 5
-3785.0 -7846.5 -8.0 295 0 6.5 12.1 10.5 3.5 2 1 3 3 3
-3811.9 -7784.9 -7.5 115 0 6.5 14.8 10.5 3.5 2 1 3 4 4
-3795.5 -7835.3 -8.0 295 0 6.5 12.1 10.5 3.5 2 1 3 2 2
-3821.0 -7781.6 -7.2 112 0 6.4 10.4 10.5 3.5 2 1 3 2 2
-3802.8 -7825.1 -8.0 295 0 6.5 12.1 10.5 3.5 2 1 3 0 0
-3826.9 -7779.1 -7.2 112 0 6.4 10.4 10.5 3.5 2 1 3 5 5
-3811.5 -7817.2 -8.0 295 0 6.5 12.1 10.5 0.0 0 1 3 0 0
-3882.0 -7712.5 -10.5 285 0 7.8 7.1 10.5 3.5 2 0 3 0 0
-3837.5 -7773.9 -7.6 114 0 6.6 10.4 10.5 3.5 2 1 3 1 1
-3825.3 -7798.1 -7.6 296 0 13.4 8.4 10.5 3.5 2 0 3 3 3
-3843.5 -7771.2 -7.8 114 0 6.6 10.4 10.5 3.5 2 1 3 2 2
-3863.5 -7717.9 -10.0 288 0 9.4 7.0 10.5 3.5 2 0 3 1 1
-3846.5 -7789.5 -7.0 297 0 13.2 8.2 10.5 3.5 2 0 3 2 2
-3685.3 -7876.8 -8.4 319 0 11.9 6.9 10.5 3.5 4 0 3 4 4
-3976.1 -7698.6 -11.6 272 0 6.8 9.6 10.5 3.5 2 1 3 1 1
-4012.5 -7704.3 -11.5 269 0 8.5 9.9 10.5 3.5 2 1 3 5 5
-3800.5 -7743.4 -7.9 292 0 6.3 10.5 10.5 3.5 2 1 3 0 0
-3794.6 -7745.8 -7.7 292 0 6.3 10.5 10.5 3.5 2 1 3 0 0
-3779.1 -7756.4 -7.7 317 0 6.9 11.3 10.5 3.5 2 1 3 3 3
-3774.3 -7761.5 -7.9 317 0 7.0 11.3 10.5 3.5 2 1 3 1 1
-3765.6 -7769.3 -8.2 317 0 7.0 10.6 10.5 3.5 4 1 3 4 4
-3716.8 -7887.3 -8.3 139 0 11.7 6.2 10.5 3.5 2 0 3 4 4
-3760.8 -7774.5 -8.4 317 0 7.0 10.6 10.5 0.0 0 1 3 5 5
-3751.2 -7781.8 -8.7 317 0 6.9 11.2 10.5 3.5 4 1 3 3 3
-3746.5 -7786.8 -8.9 317 0 7.0 11.1 10.5 3.5 2 1 3 4 4
-3737.7 -7794.6 -9.2 316 0 6.9 11.0 10.5 3.5 2 1 3 5 5
-3732.9 -7799.6 -9.4 316 0 7.0 11.0 10.5 3.5 2 1 3 0 0
-3724.0 -7807.8 -9.7 317 0 6.9 11.3 10.5 3.5 2 1 3 3 3
-3719.3 -7812.8 -9.9 317 0 7.0 11.3 10.5 0.0 0 1 3 1 1
-3710.3 -7820.6 -10.0 317 0 7.1 10.5 10.5 3.5 4 1 3 3 3
-3705.4 -7825.8 -9.9 317 0 7.1 10.5 10.5 3.5 2 1 3 4 4
-3697.6 -7834.7 -9.6 317 0 7.0 10.8 10.5 3.5 2 1 3 0 0
-3753.4 -7935.7 -7.0 24 0 7.5 11.8 10.5 3.5 2 1 3 5 5
-3692.8 -7839.8 -9.4 317 0 7.0 10.8 10.5 3.5 2 1 3 1 1
-3685.5 -7849.6 -9.1 319 0 7.4 10.9 10.5 3.5 4 1 3 3 3
-3856.8 -7664.5 -10.0 114 1 23.1 10.0 14.0 3.5 2 0 4 0 0
-3783.7 -7655.8 -8.0 117 1 10.2 11.4 14.0 3.5 2 1 4 3 3
-3766.2 -7694.9 -9.2 294 1 22.9 10.0 14.0 3.5 2 0 4 0 0
-3002.7 -8587.6 3.8 142 0 10.5 10.0 5.0 2.5 4 0 2 3 3
-3064.7 -8508.3 3.3 144 0 7.2 9.3 5.0 0.0 0 1 2 0 0
-3076.7 -8491.8 3.0 142 0 6.6 8.7 5.0 2.5 2 1 2 4 4
-3083.1 -8484.0 2.8 143 0 8.6 10.6 5.0 2.5 2 1 2 5 5
-3107.2 -8451.8 2.3 145 0 6.4 8.6 5.0 2.5 4 1 2 4 4
-3154.6 -8385.9 1.7 228 0 8.0 7.2 5.0 2.5 2 0 2 0 0
-3172.9 -8364.7 0.9 47 0 6.0 10.0 5.0 2.5 2 1 2 4 4
-3191.0 -8357.2 0.7 139 0 8.3 11.8 5.0 2.5 2 1 2 3 3
-3201.9 -8326.5 0.3 229 0 10.1 11.1 5.0 2.5 2 1 2 1 1
-4150.8 -7624.4 -11.9 148 0 6.2 14.1 5.0 2.5 2 1 2 1 1
-4138.1 -7584.3 -11.6 267 0 6.0 12.5 2.5 0.0 0 1 1 1 1
-4137.0 -7615.5 -12.0 164 0 8.1 9.2 5.0 2.5 4 1 2 5 5
-3019.5 -8309.2 3.6 140 0 8.1 7.1 2.5 2.5 2 0 1 4 4
-2998.9 -8338.3 3.7 140 0 8.1 7.8 7.5 2.5 2 0 3 4 4
-2985.5 -8354.2 4.0 140 0 8.0 8.1 5.0 2.5 2 1 2 5 5
-2980.3 -8360.4 3.9 140 0 8.0 8.1 5.0 2.5 2 1 2 3 3
-3038.1 -8270.0 3.8 139 0 8.1 7.6 2.5 2.5 2 0 1 2 2
-2905.6 -8512.5 4.9 150 0 8.1 7.9 2.5 2.5 2 0 1 3 3
-2901.6 -8519.6 4.8 151 0 8.1 7.9 5.0 0.0 0 0 2 3 3
-2895.1 -8530.5 4.6 153 0 8.3 7.8 5.0 2.5 2 0 2 0 0
-2891.3 -8537.9 4.4 153 0 8.3 7.8 2.5 2.5 2 0 1 4 4
-2882.4 -8556.4 4.1 153 0 8.0 8.0 5.0 2.5 2 1 2 1 1
-2878.8 -8568.6 4.2 156 0 7.4 9.1 5.0 2.5 2 1 2 3 3
-2875.8 -8575.4 4.4 156 0 7.4 9.1 5.0 2.5 2 1 2 2 2
-3029.4 -8290.3 3.8 140 0 8.0 7.4 2.5 2.5 2 0 1 1 1
-2860.8 -8603.7 4.9 157 0 9.0 7.2 2.5 2.5 2 0 1 0 0
-3096.0 -8340.8 2.7 141 0 8.1 7.0 2.5 2.5 4 0 1 3 3
-3079.7 -8225.5 4.6 138 0 7.1 9.2 7.5 2.5 2 1 3 3 3
-3119.1 -8313.0 2.5 47 0 8.3 6.9 2.5 2.5 2 0 1 4 4
-3065.9 -8377.3 3.1 141 0 7.3 9.0 5.0 2.5 2 1 2 0 0
-3084.5 -8220.2 5.2 138 0 7.2 9.2 5.0 0.0 0 1 2 0 0
-3028.8 -8346.2 3.6 320 0 7.6 9.4 5.0 2.5 2 1 2 1 1
-3051.0 -8391.6 3.1 142 0 8.2 6.7 2.5 2.5 2 0 1 2 2
-3113.0 -8307.4 2.8 47 0 8.3 6.8 5.0 2.5 2 0 2 4 4
-3103.8 -8210.5 6.3 91 0 8.3 6.9 5.0 2.5 2 0 2 0 0
-3144.7 -8273.9 2.7 229 0 7.7 9.4 5.0 0.0 0 1 2 5 5
-3102.3 -8296.7 3.1 48 0 8.7 6.4 7.5 2.5 2 0 3 5 5
-3044.5 -8402.7 3.0 141 0 7.1 9.1 2.5 2.5 2 1 1 5 5
-3152.2 -8283.6 2.4 230 0 8.2 7.9 7.5 2.5 2 0 3 4 4
-3040.0 -8408.2 3.0 141 0 7.1 9.1 5.0 2.5 2 1 2 2 2
-3115.1 -8358.3 2.4 321 0 7.4 7.8 5.0 2.5 2 1 2 2 2
-3003.5 -8375.8 3.5 320 0 7.4 9.7 5.0 0.0 0 1 2 3 3
-3129.2 -8225.4 6.2 49 0 8.8 6.6 5.0 2.5 2 0 2 4 4
-3083.2 -8283.8 3.3 47 0 8.4 6.6 5.0 2.5 2 0 2 0 0
-3135.8 -8231.2 5.9 48 0 8.7 6.6 5.0 0.0 0 0 2 0 0
-2991.6 -8392.8 3.5 321 0 8.1 6.8 2.5 2.5 2 0 1 1 1
-3155.0 -8248.0 4.7 49 0 8.9 6.4 5.0 2.5 2 0 2 5 5
-3011.7 -8436.8 3.2 140 0 8.1 7.3 7.5 0.0 0 0 3 2 2
-3017.3 -8468.7 3.5 280 0 8.1 7.1 7.5 2.5 2 0 3 5 5
-3161.7 -8253.7 4.0 49 0 8.9 6.4 5.0 2.5 4 0 2 2 2
-3088.9 -8253.1 3.4 318 0 8.3 7.8 5.0 2.5 2 0 2 1 1
-3090.9 -8347.1 2.9 141 0 8.1 6.9 5.0 0.0 0 0 2 1 1
-2965.6 -8483.9 4.7 310 0 8.1 7.1 2.5 2.5 2 0 1 1 1
-3180.8 -8270.4 3.0 49 0 8.9 6.5 2.5 2.5 2 0 1 3 3
-3187.5 -8276.2 2.8 49 0 8.8 6.5 5.0 2.5 2 0 2 1 1
-2986.9 -8471.1 4.2 280 0 8.3 10.1 5.0 2.5 2 1 2 1 1
-2971.8 -8478.6 4.6 310 0 8.1 7.1 5.0 0.0 0 0 2 0 0
-3052.9 -8315.5 3.6 321 0 7.4 10.0 5.0 2.5 2 1 2 3 3
-2935.8 -8523.5 4.2 329 0 8.2 7.6 5.0 2.5 2 0 2 4 4
-2931.5 -8530.5 4.2 329 0 8.2 7.6 5.0 2.5 2 0 2 0 0
-2920.2 -8548.5 3.8 333 0 8.0 8.1 2.5 2.5 2 1 1 3 3
-3106.5 -8243.6 3.5 229 0 8.2 6.7 5.0 0.0 0 0 2 4 4
-2905.3 -8579.2 4.1 337 0 8.3 8.0 2.5 2.5 2 0 1 5 5
-3064.1 -8239.7 4.0 137 0 8.2 7.2 7.5 2.5 4 0 3 3 3
-3045.1 -8324.9 3.6 320 0 7.1 10.1 2.5 2.5 2 1 1 4 4
-3040.6 -8330.3 3.6 320 0 7.1 10.1 7.5 2.5 2 1 3 2 2
-3069.6 -8233.7 4.1 137 0 8.2 7.2 5.0 2.5 4 0 2 3 3
-3121.9 -8257.2 3.1 229 0 8.2 7.6 5.0 2.5 2 0 2 2 2
-3130.3 -8321.3 2.1 47 0 8.8 6.8 2.5 2.5 2 0 1 3 3
-3845.2 -8179.9 -0.9 162 0 6.8 13.2 10.5 3.5 2 1 3 5 5
-3778.8 -7920.9 -7.3 112 0 7.3 12.4 10.5 0.0 0 1 3 3 3
-3942.7 -8165.1 -0.3 274 0 7.4 9.9 10.5 3.5 2 1 3 0 0
-3844.4 -7960.0 -5.6 25 0 7.7 9.9 10.5 3.5 2 1 3 3 3
-3873.5 -8004.0 -4.7 291 0 10.3 11.8 10.5 3.5 2 1 3 3 3
-3831.5 -7894.4 -6.3 295 0 10.9 7.3 10.5 3.5 2 0 3 5 5
-3788.8 -7898.5 -7.3 203 0 7.8 11.4 10.5 0.0 0 1 3 5 5
-3930.3 -8161.8 -0.3 260 0 8.0 10.3 10.5 3.5 2 1 3 2 2
-3846.7 -7974.7 -5.5 24 0 11.9 7.2 10.5 3.5 2 0 3 0 0
-3849.2 -8168.9 -1.0 162 0 6.9 13.2 10.5 3.5 2 1 3 3 3
-3800.0 -7897.9 -7.2 112 0 6.6 12.5 10.5 3.5 2 1 3 4 4
-3919.5 -8160.0 -0.3 260 0 8.2 10.0 10.5 3.5 2 1 3 5 5
-3843.8 -7886.9 -6.2 293 0 7.9 10.0 10.5 0.0 0 1 3 0 0
-3908.4 -8160.0 -0.3 259 0 8.1 10.8 10.5 3.5 2 1 3 1 1
-3808.0 -7887.9 -7.2 112 0 6.5 12.5 10.5 3.5 2 1 3 4 4
-3860.6 -7883.2 -5.9 294 0 8.0 10.1 10.5 3.5 4 1 3 2 2
-3815.7 -7878.4 -7.2 112 0 6.5 12.5 10.5 3.5 2 1 3 5 5
-3897.1 -8159.5 -0.3 259 0 8.0 10.6 10.5 3.5 2 1 3 5 5
-3865.7 -7876.7 -6.0 27 0 6.4 7.9 10.5 3.5 2 1 3 1 1
-3815.7 -7909.4 -6.4 292 0 6.5 12.5 10.5 3.5 2 1 3 0 0
-3981.2 -8156.6 -0.1 273 0 7.5 10.2 10.5 3.5 2 1 3 2 2
-3751.6 -8083.4 -5.2 174 0 7.7 10.0 10.5 3.5 2 1 3 0 0
-3836.8 -8218.6 -0.3 162 0 6.8 13.2 10.5 3.5 2 1 3 5 5
-3885.8 -8159.1 -0.3 259 0 7.6 10.1 10.5 3.5 2 1 3 0 0
-3825.1 -7861.6 -7.2 202 0 12.5 6.5 10.5 3.5 2 0 3 3 3
-3859.4 -7861.1 -6.3 22 0 6.1 8.2 10.5 3.5 2 1 3 2 2
-3869.8 -8163.0 -0.3 349 0 10.2 8.0 10.5 3.5 2 0 3 1 1
-3847.9 -7850.7 -6.7 21 0 9.1 9.8 10.5 3.5 2 1 3 3 3
-3992.7 -8161.1 -0.1 183 0 10.2 7.5 10.5 3.5 2 0 3 0 0
-3819.4 -8148.2 -1.8 251 0 8.3 10.2 10.5 3.5 2 1 3 0 0
-3840.5 -7838.5 -7.1 21 0 9.1 9.8 10.5 3.5 2 1 3 3 3
-3808.5 -8144.9 -2.2 251 0 8.3 10.2 10.5 0.0 0 1 3 0 0
-3833.9 -7825.8 -7.4 21 0 9.1 9.8 10.5 3.5 2 1 3 1 1
-3797.7 -8141.7 -2.5 251 0 8.3 10.2 10.5 3.5 2 1 3 1 1
-3865.0 -8207.3 -0.2 79 0 8.1 12.1 10.5 3.5 2 1 3 2 2
-3786.1 -8138.0 -2.9 258 0 8.3 10.2 10.5 0.0 0 1 3 0 0
-3775.4 -8136.6 -3.2 258 0 8.3 10.2 10.5 3.5 2 1 3 5 5
-3761.2 -8139.2 -3.5 267 0 8.2 8.0 10.5 3.5 4 0 3 4 4
-3748.8 -8133.7 -3.9 264 0 8.1 8.2 10.5 3.5 2 1 3 2 2
-3743.6 -8111.0 -4.8 84 0 9.5 10.2 10.5 3.5 2 1 3 1 1
-3736.1 -8133.9 -4.3 265 0 8.0 6.5 10.5 0.0 0 0 3 2 2
-3730.1 -8109.6 -5.2 84 0 8.9 10.5 10.5 3.5 2 1 3 1 1
-3750.0 -8071.0 -5.4 174 0 7.7 10.0 10.5 3.5 2 1 3 5 5
-3969.5 -8161.0 -0.2 274 0 7.3 9.6 10.5 3.5 2 1 3 5 5
-3826.8 -7926.1 -5.9 18 0 6.4 8.2 10.5 3.5 2 1 3 5 5
-3840.4 -8207.7 -0.5 162 0 6.8 13.2 10.5 3.5 2 1 3 0 0
-3715.2 -8140.2 -4.7 355 0 7.7 12.0 10.5 3.5 4 1 3 4 4
-3716.8 -8108.4 -5.5 83 0 9.2 10.3 10.5 3.5 2 1 3 4 4
-3802.2 -8201.6 -1.4 74 0 11.7 10.3 10.5 3.5 2 0 3 1 1
-3789.4 -8196.2 -1.8 75 0 7.2 9.5 10.5 3.5 2 1 3 4 4
-3780.6 -8193.4 -2.1 73 0 7.3 9.7 10.5 3.5 2 1 3 1 1
-3865.0 -8183.7 -0.2 349 0 12.1 8.1 10.5 3.5 2 0 3 2 2
-3747.5 -8018.9 -6.1 263 0 8.5 7.0 10.5 3.5 2 0 3 4 4
-3731.2 -8179.0 -3.6 74 0 7.4 8.3 10.5 3.5 2 1 3 2 2
-3728.8 -8016.2 -6.5 262 0 8.2 6.6 10.5 3.5 2 0 3 4 4
-3720.5 -8178.7 -3.9 72 0 7.8 9.5 10.5 3.5 2 1 3 0 0
-3718.2 -8007.7 -6.9 262 0 11.2 10.8 10.5 3.5 2 0 3 1 1
-3748.8 -8058.7 -5.6 174 0 7.7 10.0 10.5 3.5 2 1 3 0 0
-3833.4 -7938.0 -5.7 23 0 8.2 7.1 10.5 3.5 2 0 3 0 0
-3837.0 -8197.8 -0.7 162 0 6.8 13.2 10.5 3.5 4 1 3 2 2
-3962.3 -8161.5 -0.2 274 0 7.3 9.6 10.5 3.5 2 1 3 0 0
-3811.4 -8243.8 -0.3 228 1 11.6 11.0 14.0 3.5 2 0 4 5 5
-3839.6 -7949.1 -5.6 25 0 7.6 9.9 10.5 3.5 2 1 3 3 3
-3950.1 -8164.5 -0.2 274 0 7.4 9.9 10.5 3.5 2 1 3 4 4
-3840.7 -8186.9 -0.8 162 0 6.8 13.2 10.5 3.5 2 1 3 0 0
-3746.9 -8046.5 -5.9 174 0 7.7 10.0 10.5 3.5 4 1 3 0 0
-3858.7 -8014.8 -4.4 20 0 9.9 8.0 10.5 3.5 2 0 3 2 2
-3976.0 -8291.9 0.5 258 0 6.1 12.4 14.0 3.5 4 1 4 1 1
-3950.7 -8269.0 0.1 75 0 9.9 7.4 10.5 3.5 2 0 3 0 0
-3968.1 -8243.5 -0.0 165 0 7.6 9.4 10.5 3.5 2 1 3 1 1
-3929.9 -8199.3 -0.2 349 0 6.9 12.8 10.5 3.5 2 1 3 0 0
-3973.7 -8232.4 -0.1 165 0 7.4 9.8 10.5 3.5 2 1 3 2 2
-3975.6 -8225.2 -0.1 165 0 7.4 9.8 10.5 3.5 2 1 3 0 0
-3931.9 -8188.8 -0.2 349 0 6.9 12.9 10.5 3.5 2 1 3 3 3
-3980.5 -8214.4 -0.1 166 0 7.3 9.5 10.5 3.5 2 1 3 3 3
-3982.3 -8207.2 -0.1 166 0 7.4 9.6 10.5 3.5 2 1 3 5 5
-3897.1 -8213.6 -0.1 80 0 9.9 8.1 10.5 3.5 2 0 3 2 2
-3989.0 -8194.0 -0.1 166 0 7.5 9.8 10.5 3.5 2 1 3 5 5
-3902.7 -8195.5 -0.2 170 0 8.1 9.9 10.5 3.5 2 1 3 4 4
-3990.8 -8186.8 -0.1 166 0 7.4 9.8 10.5 3.5 2 1 3 3 3
-3929.9 -8252.4 0.0 77 0 7.4 9.9 10.5 3.5 4 1 3 5 5
-3920.3 -8245.0 0.0 347 0 9.9 7.4 10.5 3.5 4 0 3 2 2
-3986.8 -8044.3 -3.5 89 0 7.6 11.2 10.5 3.5 2 1 3 3 3
-3977.2 -8045.8 -3.4 89 0 7.6 11.2 10.5 3.5 2 1 3 5 5
-3968.2 -8045.8 -3.3 89 0 7.6 11.2 10.5 3.5 2 1 3 1 1
-3966.3 -8070.1 -2.2 180 0 9.8 7.3 10.5 3.5 2 0 3 1 1
-3958.3 -8259.5 0.1 165 0 7.4 9.9 10.5 3.5 2 1 3 5 5
-3955.3 -8074.8 -2.2 89 0 7.3 9.7 10.5 3.5 2 1 3 4 4
-3943.0 -8073.8 -2.1 89 0 7.5 9.5 10.5 3.5 2 1 3 2 2
-3935.6 -8073.7 -2.1 89 0 7.5 9.5 10.5 3.5 2 1 3 1 1
-3928.1 -8050.3 -2.7 358 0 7.5 10.3 10.5 3.5 2 1 3 2 2
-3928.4 -8041.2 -3.1 358 0 7.5 10.3 10.5 0.0 0 1 3 4 4
-3926.2 -8221.1 -0.1 349 0 6.9 12.9 10.5 3.5 2 1 3 0 0
-3928.6 -8032.0 -3.5 358 0 7.5 10.3 10.5 3.5 2 1 3 0 0
-3904.5 -8041.0 -3.1 179 0 12.3 8.0 10.5 3.5 2 0 3 0 0
-3908.1 -8058.8 -2.3 179 0 12.5 7.4 10.5 3.5 2 0 3 2 2
-3880.2 -8064.2 -2.6 74 0 8.2 7.0 10.5 3.5 2 0 3 0 0
-3869.5 -8056.5 -3.0 72 0 7.8 7.0 10.5 3.5 2 0 3 0 0
-3966.1 -8250.8 0.0 165 0 7.6 9.4 10.5 3.5 2 1 3 2 2
-3854.7 -8050.1 -3.3 344 0 6.6 7.6 10.5 3.5 2 1 3 3 3
-3928.0 -8210.3 -0.1 349 0 6.9 12.8 10.5 3.5 4 1 3 3 3
-3578.4 -8386.4 -2.5 171 0 7.2 10.6 2.5 2.5 2 1 1 2 2
-3602.6 -8386.5 -2.8 352 0 7.0 10.6 2.5 2.5 2 1 1 1 1
-3597.5 -8407.1 -2.5 353 0 7.2 9.6 2.5 0.0 0 1 1 3 3
-3564.9 -8445.5 -1.5 140 0 8.3 7.0 5.0 2.5 2 0 2 4 4
-3595.8 -8419.8 -2.2 353 0 7.3 9.9 5.0 2.5 2 1 2 4 4
-3551.2 -8465.1 -1.2 140 0 8.3 7.0 5.0 2.5 2 0 2 3 3
-3593.2 -8439.6 -1.9 353 0 7.4 10.0 5.0 2.5 2 1 2 0 0
-3542.6 -8473.6 -1.1 140 0 8.3 7.0 2.5 2.5 2 0 1 2 2
-3592.3 -8446.9 -1.8 353 0 7.4 10.0 2.5 2.5 2 1 1 3 3
-3534.6 -8481.0 -1.0 140 0 8.3 7.0 2.5 2.5 2 0 1 1 1
-3520.0 -8484.5 -0.9 320 0 8.3 7.0 5.0 2.5 4 0 2 4 4
-3600.1 -8472.9 -1.7 83 0 9.5 7.4 5.0 2.5 2 0 2 2 2
-3511.0 -8492.9 -0.7 320 0 8.3 7.0 2.5 2.5 2 0 1 2 2
-3570.4 -8498.9 -1.2 265 0 7.3 10.8 7.5 2.5 2 1 3 5 5
-3563.1 -8498.2 -1.2 265 0 7.3 10.8 5.0 2.5 2 1 2 0 0
-3445.1 -8580.4 1.5 138 0 8.0 7.1 2.5 2.5 2 0 1 1 1
-3543.2 -8508.2 -1.0 317 0 7.0 10.7 2.5 2.5 2 1 1 4 4
-3410.8 -8601.1 2.7 228 0 8.5 6.8 5.0 2.5 2 0 2 0 0
-3489.5 -8572.6 0.2 252 0 9.9 6.3 5.0 2.5 2 0 2 3 3
-3538.4 -8513.4 -0.9 317 0 7.0 10.6 5.0 2.5 2 1 2 3 3
-3428.8 -8615.5 2.3 105 0 6.6 7.7 5.0 2.5 2 1 2 2 2
-3530.0 -8521.6 -0.8 316 0 7.0 10.9 5.0 2.5 2 1 2 0 0
-3595.9 -8270.2 -4.4 171 0 8.4 6.7 2.5 2.5 2 0 1 1 1
-3592.4 -8282.0 -4.1 171 0 8.4 6.7 5.0 2.5 2 0 2 1 1
-3613.0 -8322.7 -3.9 351 0 6.8 8.5 2.5 2.5 2 1 1 4 4
-3609.1 -8342.0 -3.6 352 0 7.0 10.0 5.0 2.5 2 1 2 2 2
-3608.2 -8348.9 -3.5 352 0 7.0 10.0 5.0 2.5 2 1 2 4 4
-3513.4 -8559.3 -0.3 47 0 7.0 10.7 5.0 2.5 4 1 2 3 3
-3581.6 -8364.7 -2.9 172 0 7.2 10.2 2.5 2.5 4 1 1 4 4
-3508.3 -8554.5 -0.3 46 0 7.1 10.7 5.0 2.5 2 1 2 0 0
-3539.8 -8306.0 -2.8 80 0 9.4 7.5 5.0 2.5 2 0 2 2 2
-3536.9 -8429.5 -1.3 230 0 6.9 10.9 2.5 0.0 0 1 1 2 2
-3522.0 -8256.4 -3.4 81 0 7.5 9.9 2.5 2.5 2 1 1 2 2
-3531.7 -8425.0 -1.2 230 0 6.8 10.9 5.0 2.5 2 1 2 1 1
-3521.7 -8416.9 -1.1 230 0 7.2 10.6 5.0 2.5 4 1 2 3 3
-3508.6 -8263.9 -2.7 171 0 7.4 10.5 5.0 2.5 2 1 2 5 5
-3537.1 -8325.4 -2.5 262 0 9.3 7.2 2.5 2.5 2 0 1 0 0
-3516.2 -8412.3 -1.0 230 0 7.2 10.6 2.5 2.5 2 1 1 5 5
-3507.5 -8271.2 -2.5 171 0 7.4 10.5 5.0 2.5 2 1 2 4 4
-3511.0 -8284.5 -2.3 171 0 7.2 10.8 2.5 2.5 2 1 1 3 3
-3537.0 -8294.1 -2.9 350 0 7.5 9.4 5.0 2.5 2 1 2 1 1
-3470.9 -8370.7 -1.1 233 0 11.2 6.5 5.0 2.5 2 0 2 1 1
-3504.1 -8337.8 -1.7 82 0 6.3 10.6 5.0 2.5 2 1 2 5 5
-3463.6 -8362.7 -1.1 229 0 7.3 10.3 5.0 2.5 2 1 2 3 3
-3458.1 -8358.0 -1.2 229 0 7.3 10.3 7.5 2.5 2 1 3 0 0
-3531.0 -8335.4 -2.4 352 0 7.2 9.3 5.0 2.5 2 1 2 1 1
-3528.2 -8350.2 -2.1 352 0 7.4 9.5 5.0 2.5 2 1 2 2 2
-3543.0 -8273.0 -3.4 351 0 7.2 9.7 5.0 0.0 0 1 2 2 2
-3527.1 -8357.4 -2.0 352 0 7.4 9.5 5.0 2.5 2 1 2 3 3
-3592.2 -8538.0 -1.1 171 0 10.5 23.1 2.5 0.0 0 1 1 5 5
-3561.8 -8573.8 -0.8 80 0 10.2 23.3 5.0 0.0 0 1 2 2 2
-3682.1 -8502.2 0.0 261 0 6.7 12.9 5.0 2.5 4 1 2 2 2
-3740.9 -8461.2 -0.1 351 0 7.4 9.9 5.0 2.5 2 1 2 3 3
-3662.4 -8508.3 -0.3 352 0 7.3 10.5 5.0 0.0 0 1 2 3 3
-3706.6 -8318.4 -2.3 350 0 6.5 12.6 5.0 0.0 0 1 2 3 3
-3720.0 -8432.2 -1.3 170 0 7.6 10.4 2.5 2.5 2 1 1 1 1
-3728.7 -8508.9 1.2 274 0 6.7 12.9 2.5 2.5 2 1 1 0 0
-3712.8 -8355.2 -2.3 259 0 7.1 8.3 2.5 2.5 2 1 1 2 2
-3748.1 -8500.6 1.6 274 0 6.7 12.9 2.5 2.5 2 1 1 0 0
-3703.0 -8353.7 -2.5 259 0 7.1 8.3 5.0 2.5 2 1 2 3 3
-3721.8 -8387.8 -1.8 261 0 10.2 7.5 2.5 2.5 2 0 1 0 0
-3658.5 -8401.3 -2.3 79 0 8.4 7.1 2.5 2.5 2 0 1 0 0
-3721.1 -8278.0 -2.1 260 0 12.6 6.5 2.5 2.5 2 0 1 3 3
-3693.2 -8351.8 -2.7 259 0 7.1 8.3 5.0 2.5 2 1 2 1 1
-3766.9 -8491.3 1.9 274 0 6.7 12.9 5.0 2.5 2 1 2 0 0
-3661.8 -8337.0 -3.2 262 0 8.2 7.1 2.5 2.5 2 0 1 4 4
-3780.4 -8495.7 1.8 185 0 15.1 6.7 5.0 2.5 2 0 2 3 3
-3683.2 -8350.2 -2.8 259 0 7.1 8.3 7.5 0.0 0 1 3 0 0
-3668.6 -8463.7 -0.7 350 0 7.3 9.8 2.5 2.5 2 1 1 2 2
-3738.9 -8447.9 -0.7 351 0 6.9 9.8 5.0 2.5 2 1 2 3 3
-3715.3 -8459.5 -0.7 169 0 7.6 10.5 5.0 0.0 0 1 2 2 2
-3643.5 -8504.7 -1.0 172 0 9.9 8.1 5.0 2.5 2 0 2 5 5
-3670.6 -8451.3 -1.3 350 0 7.2 9.8 5.0 2.5 2 1 2 3 3
-3701.4 -8505.3 0.5 261 0 6.7 12.9 5.0 2.5 2 1 2 4 4
-3740.1 -8441.1 -0.8 351 0 6.9 9.8 5.0 2.5 2 1 2 5 5
-3744.0 -8472.9 0.2 81 0 9.9 7.4 5.0 2.5 2 0 2 1 1
-3716.7 -8452.1 -1.0 169 0 7.6 10.5 5.0 2.5 2 1 2 3 3
-3752.9 -8556.4 1.7 115 0 6.1 12.3 2.5 2.5 2 1 1 5 5
-3727.9 -8563.7 1.3 81 0 6.3 12.9 2.5 2.5 2 1 1 5 5
-3718.1 -8562.4 1.1 81 0 6.3 12.9 5.0 2.5 2 1 2 0 0
-3707.0 -8559.9 0.8 80 0 9.8 8.1 2.5 2.5 2 0 1 1 1
-3697.2 -8558.3 0.6 80 0 9.9 8.1 5.0 2.5 2 0 2 0 0
-3673.5 -8553.6 0.1 81 0 6.3 12.9 2.5 2.5 2 1 1 3 3
-3662.0 -8545.2 -0.1 351 0 12.9 6.3 5.0 2.5 2 0 2 2 2
-3707.9 -8310.3 -2.3 350 0 6.5 12.6 5.0 2.5 2 1 2 2 2
-3718.7 -8439.6 -1.1 170 0 7.6 10.4 5.0 2.5 2 1 2 1 1
-3624.1 -8541.4 -1.0 349 0 9.4 7.3 7.5 2.5 2 0 3 4 4
-3679.1 -8428.9 -1.6 261 0 10.2 7.4 2.5 2.5 2 0 1 0 0
-3743.2 -8421.6 -1.0 350 0 7.2 9.7 5.0 2.5 2 1 2 1 1
-3531.9 -8566.9 -0.5 47 0 7.2 10.6 7.5 2.5 2 1 3 3 3
-3526.6 -8561.9 -0.4 46 0 7.2 10.6 2.5 2.5 4 1 1 2 2
-3763.1 -8588.2 2.0 250 0 8.6 13.2 5.0 2.5 2 1 2 0 0
-3795.9 -8593.1 2.7 341 0 6.4 12.5 5.0 0.0 0 1 2 2 2
-3763.1 -8621.0 2.0 161 0 7.1 10.1 2.5 2.5 2 1 1 4 4
-3793.9 -8602.8 2.7 341 0 6.4 12.5 5.0 2.5 2 1 2 2 2
-3796.5 -8569.1 2.8 341 0 6.4 12.5 5.0 2.5 2 1 2 5 5
-4079.8 -8503.9 2.5 170 0 7.1 8.0 5.0 2.5 2 1 2 3 3
-4014.9 -8534.0 3.2 145 0 7.2 8.3 2.5 2.5 2 1 1 5 5
-3855.0 -8373.2 1.0 348 0 6.9 13.0 5.0 2.5 2 1 2 1 1
-4149.9 -8337.6 1.6 352 1 11.2 10.8 14.0 3.5 2 0 4 3 3
-4139.9 -8389.5 2.4 348 1 12.6 11.4 14.0 0.0 0 0 4 0 0
-4012.3 -8544.0 3.4 190 0 7.2 8.2 7.5 2.5 2 1 3 1 1
-3752.1 -8348.4 -1.5 171 0 6.8 13.0 5.0 2.5 2 1 2 4 4
-4134.0 -8415.6 1.7 349 1 11.5 11.4 14.0 3.5 2 0 4 1 1
-3852.2 -8384.2 0.9 348 0 6.9 13.0 5.0 2.5 2 1 2 2 2
-4013.5 -8551.0 3.5 190 0 7.2 8.2 5.0 0.0 0 1 2 2 2
-4023.4 -8564.0 3.1 226 0 7.3 7.9 5.0 2.5 2 1 2 3 3
-3855.7 -8397.9 0.8 78 0 13.0 6.8 5.0 2.5 4 0 2 5 5
-3750.4 -8356.4 -1.6 170 0 6.8 13.0 2.5 2.5 2 1 1 4 4
-4088.1 -8430.8 1.2 166 0 8.9 6.8 5.0 2.5 2 0 2 3 3
-4038.5 -8566.5 2.7 270 0 7.2 8.2 2.5 2.5 2 1 1 1 1
-3822.0 -8386.0 0.4 65 0 7.6 10.6 5.0 2.5 2 1 2 3 3
-4085.5 -8458.6 1.0 168 0 7.2 9.3 5.0 0.0 0 1 2 1 1
-4061.3 -8565.6 2.5 213 0 7.0 8.4 2.5 2.5 2 1 1 4 4
-3741.6 -8370.3 -1.6 81 0 13.0 6.8 7.5 2.5 2 0 3 4 4
-3775.8 -8343.9 -0.6 334 0 10.4 7.6 5.0 2.5 4 0 2 2 2
-4078.6 -8511.0 2.7 170 0 7.1 8.0 5.0 2.5 2 1 2 0 0
-4062.2 -8601.8 1.6 170 0 7.1 7.9 5.0 2.5 2 1 2 3 3
-3797.2 -8355.3 -0.2 245 0 7.6 10.4 5.0 2.5 2 1 2 3 3
-3755.7 -8286.4 -1.2 260 0 13.0 6.8 2.5 2.5 2 0 1 3 3
-4072.0 -8532.0 2.8 122 0 7.2 7.9 7.5 2.5 2 1 3 2 2
-3865.0 -8344.6 1.2 348 0 6.8 13.0 2.5 2.5 2 1 1 1 1
-4065.9 -8535.9 2.8 122 0 7.1 7.9 5.0 2.5 2 1 2 0 0
-3818.9 -8256.0 0.1 229 1 12.2 10.8 14.0 3.5 2 0 4 3 3
-3755.4 -8329.2 -1.4 170 0 6.8 13.0 5.0 2.5 2 1 2 5 5
-4026.2 -8523.2 2.8 111 0 6.9 7.7 2.5 2.5 2 1 1 3 3
-3907.9 -8349.0 1.7 183 0 7.7 9.8 5.0 2.5 2 1 2 5 5
-4005.5 -8377.8 2.5 166 0 8.1 10.8 5.0 2.5 2 1 2 1 1
-4052.5 -8428.6 1.4 348 0 7.9 10.5 5.0 2.5 4 1 2 1 1
-3908.3 -8459.0 2.1 339 0 7.7 10.3 5.0 2.5 2 1 2 3 3
-3946.3 -8410.9 2.3 87 0 10.4 7.9 5.0 2.5 2 0 2 0 0
-4050.8 -8436.3 1.2 348 0 7.9 10.5 2.5 2.5 2 1 1 5 5
-4036.5 -8432.8 1.3 257 0 7.8 10.4 7.5 2.5 2 1 3 1 1
-4027.4 -8430.5 1.4 257 0 7.7 9.7 7.5 0.0 0 1 3 2 2
-3895.2 -8491.3 2.7 251 0 7.8 10.4 5.0 2.5 2 1 2 1 1
-3942.3 -8387.4 2.2 177 0 10.0 7.8 5.0 2.5 2 0 2 5 5
-4028.9 -8374.4 2.5 348 0 10.4 7.9 2.5 2.5 2 0 1 4 4
-3887.9 -8488.7 2.6 251 0 7.8 10.4 5.0 2.5 2 1 2 3 3
-3952.5 -8465.1 1.9 161 0 7.8 10.2 2.5 2.5 2 1 1 3 3
-3917.3 -8386.4 1.9 356 0 11.0 7.9 5.0 2.5 2 0 2 3 3
-3982.3 -8359.6 2.2 257 0 8.0 10.0 5.0 2.5 2 1 2 5 5
-3998.1 -8456.9 1.5 351 0 6.3 8.7 5.0 2.5 4 1 2 1 1
-3895.3 -8418.3 1.5 258 0 11.0 7.9 5.0 2.5 2 0 2 2 2
-3997.1 -8463.2 1.6 351 0 6.3 8.7 5.0 0.0 0 1 2 4 4
-3961.8 -8354.3 2.1 257 0 8.1 9.7 5.0 2.5 2 1 2 1 1
-3893.7 -8443.7 1.6 168 0 7.9 11.0 5.0 2.5 2 1 2 1 1
-3953.9 -8352.5 2.1 257 0 8.1 9.8 5.0 2.5 2 1 2 4 4
-3982.2 -8476.9 2.1 350 0 6.2 8.4 5.0 2.5 2 1 2 3 3
-3931.5 -8510.6 2.8 160 0 7.6 10.6 5.0 2.5 4 1 2 5 5
-3941.6 -8349.6 2.0 257 0 7.9 10.3 2.5 0.0 0 1 1 4 4
-3980.2 -8487.2 2.3 349 0 6.4 8.7 2.5 2.5 4 1 1 3 3
-3910.9 -8529.0 3.1 69 0 7.8 10.6 5.0 0.0 0 1 2 4 4
-3979.0 -8493.5 2.5 349 0 6.4 8.7 5.0 2.5 2 1 2 0 0
-3933.9 -8347.8 1.9 257 0 7.9 10.3 2.5 2.5 2 1 1 3 3
-3903.5 -8526.3 3.0 69 0 7.9 10.6 2.5 2.5 2 1 1 5 5
-3887.6 -8529.5 3.1 70 0 7.8 10.0 5.0 2.5 2 1 2 5 5
-3960.7 -8516.4 2.9 80 0 7.9 9.1 5.0 2.5 2 1 2 0 0
-3957.8 -8522.5 3.0 170 0 9.2 7.6 2.5 2.5 2 0 1 2 2
-4022.2 -8402.3 2.3 348 0 7.7 10.0 5.0 2.5 2 1 2 4 4
-3938.0 -8428.6 2.0 249 0 7.8 10.3 2.5 2.5 2 1 1 4 4
-3977.8 -8516.5 2.9 80 0 9.1 7.7 2.5 2.5 2 0 1 3 3
-3978.8 -8528.0 3.2 260 0 7.9 9.1 5.0 2.5 2 1 2 4 4
-3969.3 -8558.5 3.6 350 0 9.1 7.9 5.0 2.5 2 0 2 5 5
-3798.7 -8529.5 2.6 207 0 8.1 9.9 7.5 2.5 2 1 3 1 1
-3961.3 -8553.2 3.5 171 0 8.3 9.3 5.0 2.5 2 1 2 1 1
-3920.0 -8430.8 2.1 340 0 10.7 7.7 5.0 2.5 2 0 2 0 0
-3948.3 -8546.8 3.5 260 0 9.3 8.3 7.5 0.0 0 0 3 5 5
-3765.9 -8549.7 2.0 116 0 9.9 8.7 2.5 2.5 2 0 1 2 2
-4055.1 -8419.6 1.6 348 0 7.7 9.8 5.0 2.5 2 1 2 2 2
-3821.6 -8548.4 3.0 284 0 7.3 14.9 2.5 2.5 2 1 1 1 1
-3852.1 -8547.2 3.1 168 0 6.2 12.8 7.5 2.5 2 1 3 2 2
-3787.2 -8407.3 -0.5 173 0 8.1 6.7 5.0 2.5 2 0 2 0 0
-3827.9 -8436.9 0.4 81 0 6.8 10.0 5.0 2.5 2 1 2 2 2
-3844.5 -8430.4 0.7 80 0 7.0 9.7 7.5 2.5 2 1 3 0 0
-3803.6 -8484.0 1.5 21 0 12.9 6.6 5.0 0.0 0 0 2 5 5
-3813.5 -8473.0 1.5 291 0 6.6 12.9 7.5 2.5 2 1 3 4 4
-3832.9 -8466.5 1.6 291 0 6.9 10.4 5.0 2.5 2 1 2 4 4
-3854.0 -8457.4 1.6 289 0 7.0 10.0 5.0 2.5 2 1 2 1 1
-3817.8 -8442.7 0.2 81 0 6.9 10.2 5.0 2.5 2 1 2 3 3
-3865.7 -8618.5 2.8 69 0 6.5 8.0 2.5 2.5 2 1 1 1 1
-3855.4 -8589.2 2.8 118 0 7.9 12.5 2.5 2.5 2 1 1 4 4
-3845.0 -8607.4 2.8 164 0 9.2 8.1 5.0 2.5 4 0 2 3 3
-3909.2 -8595.0 2.8 90 0 7.9 7.9 5.0 2.5 2 1 2 5 5
-3962.1 -8607.2 2.8 76 0 8.1 10.6 5.0 2.5 2 1 2 0 0
-3899.1 -8593.0 2.8 90 0 7.9 7.9 2.5 2.5 2 1 1 2 2
-3971.2 -8612.0 2.7 45 0 8.2 14.3 5.0 0.0 0 1 2 4 4
-3887.7 -8590.5 2.8 90 0 7.9 7.9 5.0 2.5 4 1 2 3 3
-4076.7 -8020.2 -4.4 103 0 8.9 17.0 10.5 3.5 2 1 3 3 3
-4130.2 -8181.1 -0.1 180 1 14.0 11.4 14.0 3.5 2 0 4 2 2
-4128.0 -8213.8 0.4 182 1 12.7 13.3 14.0 3.5 2 1 4 0 0
-4016.8 -7723.2 -11.1 179 0 7.8 6.4 10.5 3.5 2 0 3 2 2
-4018.3 -7741.7 -10.6 183 0 10.9 6.7 10.5 3.5 2 0 3 1 1
-4014.9 -7753.1 -10.1 183 0 6.1 15.4 10.5 3.5 2 1 3 5 5
-4022.0 -7808.8 -8.5 278 0 8.5 6.4 10.5 3.5 2 0 3 5 5
-4022.9 -7815.1 -8.4 278 0 8.5 6.4 10.5 3.5 2 0 3 5 5
-4032.5 -7829.6 -8.2 188 0 10.4 7.4 10.5 3.5 2 0 3 2 2
-4034.0 -7839.9 -7.9 188 0 10.4 7.4 10.5 3.5 2 0 3 3 3
-4032.8 -7854.5 -7.4 190 0 7.2 8.4 10.5 3.5 4 1 3 3 3
-4034.1 -7861.6 -7.2 190 0 7.2 8.4 10.5 3.5 4 1 3 0 0
-4047.4 -7904.6 -6.6 186 0 9.9 8.8 10.5 3.5 4 0 3 5 5
-4054.5 -7924.1 -6.5 183 0 11.8 10.1 10.5 3.5 2 0 3 3 3
-4057.1 -7939.3 -6.3 182 0 11.1 13.9 10.5 3.5 2 1 3 4 4
-4057.3 -7955.3 -6.0 185 0 9.6 9.0 10.5 3.5 2 0 3 4 4
-4071.2 -7975.8 -5.4 178 0 9.1 16.0 10.5 3.5 2 1 3 3 3
-4069.0 -7993.4 -4.8 180 0 12.0 8.7 10.5 3.5 2 0 3 3 3
-4096.3 -7922.8 -6.7 88 0 7.7 10.6 10.5 0.0 0 1 3 5 5
-4062.2 -7799.9 -9.4 345 0 9.1 10.6 10.5 3.5 2 1 3 2 2
-4093.3 -7957.3 -5.5 359 0 7.9 10.3 10.5 3.5 2 1 3 2 2
-4082.1 -7831.6 -8.6 356 0 10.3 17.8 10.5 3.5 2 1 3 2 2
-4082.5 -7844.6 -8.2 357 0 8.6 9.6 10.5 3.5 2 1 3 1 1
-4085.9 -7858.6 -7.9 359 0 11.9 7.3 10.5 3.5 2 0 3 3 3
-4086.2 -7872.7 -7.4 356 0 8.2 7.2 10.5 3.5 2 0 3 0 0
-4085.7 -7880.9 -7.2 356 0 8.2 7.2 10.5 3.5 2 0 3 4 4
-4090.5 -7904.8 -6.9 357 0 11.2 7.3 10.5 3.5 2 0 3 5 5
-4105.9 -7979.0 -4.7 357 0 13.0 8.3 10.5 3.5 2 0 3 0 0
-4110.7 -7994.6 -4.3 355 0 9.3 12.6 10.5 3.5 2 1 3 1 1
-4114.2 -8005.5 -4.2 357 0 6.5 12.5 10.5 3.5 2 1 3 4 4
-4123.2 -8015.7 -4.1 355 0 10.3 8.4 10.5 3.5 2 0 3 2 2
-4125.5 -8027.4 -3.9 356 0 9.1 8.4 10.5 3.5 4 0 3 1 1
-4134.2 -8056.7 -3.4 352 0 7.0 17.0 10.5 3.5 2 1 3 1 1
-4140.0 -8074.9 -3.1 19 0 7.0 12.5 10.5 3.5 2 1 3 3 3
-4146.4 -8087.8 -2.9 354 0 9.9 9.9 10.5 3.5 4 0 3 1 1
-4154.6 -8113.6 -2.4 354 0 9.1 12.7 10.5 3.5 2 1 3 3 3
-4160.9 -8129.5 -1.9 355 0 9.7 11.9 10.5 3.5 2 1 3 5 5
-4157.7 -8156.0 -0.7 356 0 6.5 10.5 10.5 3.5 2 1 3 1 1
-4174.6 -8220.3 0.0 271 1 10.2 14.3 14.0 3.5 2 1 4 3 3
-4193.3 -8197.6 -0.6 96 0 20.1 17.6 10.5 0.0 0 0 3 5 5
-4156.7 -7949.4 -4.8 269 0 10.3 9.2 10.5 3.5 2 0 3 1 1
-4169.1 -7945.8 -4.7 268 0 9.9 9.5 10.5 3.5 2 0 3 1 1
-4181.3 -7945.6 -4.5 268 0 6.6 8.6 10.5 3.5 2 1 3 0 0
-4194.0 -7953.7 -4.2 178 0 8.5 6.7 10.5 3.5 2 0 3 5 5
-4140.3 -7919.6 -6.7 87 0 6.6 13.6 10.5 3.5 2 1 3 1 1
-4190.8 -7926.3 -5.6 84 0 9.6 13.4 10.5 3.5 2 1 3 1 1
-4126.6 -7922.2 -6.7 101 0 8.6 13.2 10.5 3.5 2 1 3 5 5
-4110.1 -7951.1 -5.4 268 0 6.8 8.9 10.5 3.5 2 1 3 1 1
-4150.5 -7915.5 -6.7 87 0 6.6 13.6 10.5 0.0 0 1 3 3 3
-4119.8 -7949.6 -5.3 268 0 6.8 8.9 10.5 3.5 2 1 3 0 0
-4161.0 -7917.8 -6.4 87 0 6.6 13.6 10.5 3.5 2 1 3 0 0
-4130.1 -7947.8 -5.2 268 0 6.8 8.9 10.5 0.0 0 1 3 0 0
-4171.0 -7921.4 -6.1 87 0 6.6 13.6 10.5 0.0 0 1 3 3 3
-4144.0 -7946.3 -5.1 269 0 10.7 8.8 10.5 3.5 2 0 3 2 2
-4186.8 -7844.8 -8.3 86 0 8.0 10.2 10.5 3.5 2 1 3 5 5
-4126.9 -7805.4 -9.5 255 0 6.7 13.4 10.5 0.0 0 1 3 3 3
-4205.3 -7847.0 -7.4 69 0 10.3 8.1 10.5 3.5 2 0 3 3 3
-4205.3 -7874.8 -6.8 167 0 7.8 10.5 10.5 0.0 0 1 3 4 4
-4138.0 -7807.6 -9.5 255 0 6.7 13.4 10.5 3.5 2 1 3 0 0
-4203.5 -7882.3 -6.7 167 0 7.7 10.5 10.5 3.5 2 1 3 3 3
-4148.8 -7809.3 -9.5 255 0 6.7 13.3 10.5 3.5 2 1 3 0 0
-4199.5 -7897.4 -6.5 166 0 8.0 10.4 10.5 0.0 0 1 3 3 3
-4160.0 -7810.9 -9.5 255 0 6.7 13.4 10.5 3.5 2 1 3 1 1
-4171.9 -7843.1 -8.8 84 0 8.1 9.6 10.5 3.5 2 1 3 0 0
-4197.6 -7905.2 -6.2 166 0 8.0 10.4 10.5 3.5 2 1 3 2 2
-4182.7 -7824.7 -9.0 75 0 8.3 6.3 10.5 3.5 2 0 3 1 1
-4186.0 -7812.5 -9.1 255 0 8.3 6.3 10.5 3.5 4 0 3 4 4
-4188.9 -7801.4 -9.4 254 0 9.0 6.5 10.5 3.5 2 0 3 4 4
-4190.6 -7795.2 -9.5 254 0 9.0 6.5 10.5 3.5 2 0 3 2 2
-4146.8 -7839.7 -8.6 185 0 8.0 10.2 10.5 3.5 2 1 3 0 0
-4232.0 -7805.7 -8.0 159 0 6.3 13.3 10.5 3.5 2 1 3 2 2
-4079.7 -7802.5 -9.3 255 0 10.6 9.1 10.5 3.5 2 0 3 2 2
-4147.6 -7847.6 -8.3 185 0 8.0 10.2 10.5 3.5 2 1 3 4 4
-4152.0 -7862.3 -7.8 186 0 7.9 10.3 10.5 0.0 0 1 3 3 3
-4228.5 -7816.0 -7.8 160 0 6.3 13.4 10.5 3.5 2 1 3 4 4
-4093.0 -7802.3 -9.4 255 0 10.6 9.1 10.5 3.5 2 0 3 4 4
-4147.2 -7866.8 -7.6 276 0 10.3 7.9 10.5 3.5 2 0 3 1 1
-4224.7 -7826.4 -7.6 159 0 6.2 13.3 10.5 0.0 0 1 3 0 0
-4104.9 -7801.5 -9.5 255 0 6.7 13.4 10.5 3.5 2 1 3 2 2
-4150.7 -7881.5 -7.3 277 0 10.1 8.1 10.5 3.5 2 0 3 1 1
-4167.6 -7868.3 -7.6 270 0 8.0 10.2 10.5 3.5 4 1 3 0 0
-4220.6 -7836.5 -7.4 159 0 6.3 13.3 10.5 3.5 2 1 3 3 3
-4116.5 -7802.8 -9.5 255 0 6.7 13.4 10.5 3.5 2 1 3 4 4
-4175.6 -7868.3 -7.6 270 0 8.0 10.2 10.5 3.5 4 1 3 0 0
-4232.3 -8028.1 -2.6 282 0 8.1 10.3 10.5 3.5 2 1 3 1 1
-4265.1 -7973.1 -3.3 280 0 8.1 10.3 10.5 3.5 2 1 3 4 4
-4229.5 -7908.1 -5.2 244 0 8.7 6.8 10.5 3.5 2 0 3 1 1
-4229.0 -8005.4 -3.5 101 0 8.1 10.3 10.5 3.5 2 1 3 1 1
-4223.4 -7924.2 -4.7 12 0 8.2 10.0 10.5 3.5 2 1 3 0 0
-4223.1 -7933.7 -4.3 12 0 8.2 10.0 10.5 0.0 0 1 3 1 1
-4222.8 -7943.3 -4.0 12 0 8.2 10.0 10.5 3.5 2 1 3 5 5
-4192.0 -7978.5 -3.9 181 0 6.7 13.8 10.5 3.5 2 1 3 3 3
-4222.0 -7952.6 -3.8 12 0 8.2 10.0 10.5 3.5 2 1 3 4 4
-4191.6 -7989.7 -3.9 181 0 6.7 13.8 10.5 3.5 2 1 3 4 4
-4221.9 -7962.2 -3.7 12 0 8.2 10.0 10.5 3.5 2 1 3 0 0
-4192.0 -8000.7 -3.8 181 0 6.7 13.8 10.5 3.5 2 1 3 0 0
-4245.2 -8033.0 -2.0 283 0 8.0 10.2 10.5 3.5 2 1 3 2 2
-4221.3 -7971.2 -3.6 12 0 8.2 10.0 10.5 3.5 2 1 3 1 1
-4191.3 -8011.9 -3.8 179 0 6.7 13.8 10.5 3.5 2 1 3 5 5
-4221.6 -7980.8 -3.6 12 0 8.2 10.0 10.5 3.5 2 1 3 3 3
-4192.9 -8022.8 -3.7 179 0 6.7 13.8 10.5 3.5 2 1 3 2 2
-4216.1 -8002.7 -3.5 11 0 10.3 8.1 10.5 3.5 2 0 3 3 3
-4198.2 -8031.5 -3.7 192 0 6.8 13.8 10.5 3.5 4 1 3 0 0
-4221.5 -8035.7 -2.8 12 0 10.3 8.1 10.5 3.5 4 0 3 0 0
-4200.4 -8042.2 -3.4 192 0 6.7 13.8 10.5 3.5 2 1 3 3 3
-4235.6 -8059.2 -1.7 13 0 8.0 10.5 10.5 3.5 2 1 3 4 4
-4202.9 -8053.1 -3.2 192 0 6.7 13.8 10.5 3.5 2 1 3 0 0
-4240.3 -7997.2 -3.4 100 0 8.0 10.4 10.5 3.5 2 1 3 0 0
-4240.0 -8068.3 -1.6 13 0 8.0 10.5 10.5 3.5 2 1 3 3 3
-4253.0 -8031.2 -1.8 283 0 8.0 10.2 10.5 3.5 2 1 3 3 3
-4261.6 -8130.6 -0.8 192 0 9.3 11.1 10.5 0.0 0 1 3 0 0
-4246.5 -8146.6 -0.8 346 0 8.0 10.3 10.5 0.0 0 1 3 1 1
-4222.1 -8158.8 -0.7 193 0 10.0 9.6 10.5 3.5 2 0 3 0 0
-4242.3 -8194.1 -0.7 88 0 7.9 10.4 10.5 3.5 2 1 3 3 3
-4228.6 -8168.5 -0.7 230 0 8.2 9.6 10.5 3.5 2 1 3 1 1
-4248.1 -7995.8 -3.4 100 0 8.0 10.4 10.5 3.5 2 1 3 3 3
-4262.0 -7978.8 -3.4 190 0 10.2 8.1 10.5 3.5 4 0 3 0 0
-4252.9 -7913.3 -4.4 258 0 8.6 10.6 10.5 3.5 2 1 3 2 2
-4273.2 -7843.6 -5.0 255 0 6.8 13.5 10.5 3.5 2 1 3 5 5
-4314.7 -7898.4 -3.8 166 0 9.7 10.3 10.5 0.0 0 1 3 0 0
-4238.4 -7849.9 -5.8 347 0 6.7 13.6 10.5 3.5 2 1 3 0 0
-4276.7 -7966.5 -3.2 281 0 7.2 13.4 10.5 3.5 2 1 3 2 2
-4234.2 -7860.3 -5.7 347 0 6.7 13.6 10.5 3.5 2 1 3 4 4
-4230.5 -7870.7 -5.7 347 0 6.7 13.6 10.5 3.5 2 1 3 1 1
-4282.9 -7955.7 -3.3 348 0 10.6 8.6 10.5 0.0 0 0 3 1 1
-4227.3 -7881.6 -5.6 347 0 6.7 13.6 10.5 3.5 2 1 3 1 1
-4286.1 -7941.9 -3.5 348 0 10.6 8.6 10.5 3.5 2 0 3 3 3
-4289.4 -7927.9 -3.6 348 0 10.6 8.6 10.5 3.5 4 0 3 3 3
-4259.0 -7889.2 -4.7 76 0 10.3 9.7 10.5 3.5 2 0 3 1 1
-4261.9 -7792.3 -7.2 339 0 6.7 13.3 10.5 3.5 2 1 3 2 2
-4280.7 -7825.9 -5.5 73 0 7.0 13.4 10.5 3.5 2 1 3 2 2
-4262.6 -7915.8 -4.1 258 0 8.6 10.6 10.5 3.5 2 1 3 3 3
-4283.0 -7849.7 -4.8 255 0 8.4 10.1 10.5 3.5 2 1 3 4 4
-4271.6 -7892.5 -4.4 76 0 10.3 9.7 10.5 3.5 2 0 3 1 1
-4257.6 -7802.2 -6.7 339 0 6.7 13.3 10.5 3.5 2 1 3 0 0
-4292.8 -7825.9 -5.3 73 0 8.1 10.0 10.5 3.5 2 1 3 3 3
-4276.3 -7924.6 -3.8 168 0 10.6 8.6 10.5 3.5 2 0 3 1 1
-4310.8 -7871.2 -4.3 164 0 7.0 11.3 10.5 3.5 2 1 3 4 4
-4284.7 -7891.9 -4.2 76 0 10.3 9.6 10.5 3.5 2 0 3 2 2
-4253.6 -7812.6 -6.1 339 0 6.7 13.3 10.5 3.5 2 1 3 3 3
-4323.5 -7819.2 -5.3 164 0 7.0 11.3 10.5 3.5 2 1 3 3 3
-4265.8 -7942.2 -3.6 168 0 8.3 10.2 10.5 0.0 0 1 3 1 1
-4296.6 -7894.9 -4.1 76 0 10.3 9.7 10.5 3.5 2 0 3 4 4
-4250.4 -7837.6 -5.8 257 0 13.6 6.7 10.5 0.0 0 0 3 0 0
-4263.1 -7954.2 -3.6 168 0 8.4 10.2 10.5 3.5 2 1 3 4 4
-4268.7 -7775.1 -8.3 347 0 10.2 8.3 10.5 3.5 2 0 3 1 1
-4293.8 -7749.0 -7.6 341 0 9.9 9.8 10.5 3.5 2 0 3 4 4
-4338.1 -7719.2 -7.6 163 0 10.2 7.7 10.5 3.5 2 0 3 0 0
-4325.8 -7789.2 -5.8 256 0 6.5 13.6 10.5 3.5 2 1 3 5 5
-4338.5 -7797.6 -5.7 166 0 13.6 6.6 10.5 3.5 4 0 3 3 3
-4348.0 -7730.8 -7.1 257 0 15.6 9.7 10.5 3.5 2 0 3 2 2
-4351.3 -7712.3 -7.3 253 0 7.7 10.2 10.5 3.5 2 1 3 2 2
-4313.6 -7763.1 -7.2 72 0 6.1 20.4 10.5 0.0 0 1 3 0 0
-4143.8 -7739.3 -11.0 355 0 7.8 32.7 14.0 3.5 2 1 4 1 1
-4252.1 -7749.3 -9.1 179 0 32.0 8.4 14.0 3.5 2 0 4 2 2
-4284.8 -7773.8 -7.8 257 0 8.3 10.2 10.5 3.5 2 1 3 4 4
-4298.8 -7734.3 -7.8 341 0 9.9 9.8 10.5 3.5 2 0 3 5 5
-4332.3 -7760.3 -6.8 76 0 9.8 9.2 10.5 0.0 0 0 3 4 4
-4295.5 -7776.5 -7.4 256 0 6.6 13.5 10.5 0.0 0 1 3 4 4
-4303.0 -7721.8 -8.0 341 0 9.9 9.8 10.5 3.5 2 0 3 2 2
-4343.6 -7763.1 -6.6 76 0 9.8 9.2 10.5 3.5 2 0 3 0 0
-4308.0 -7707.7 -8.1 341 0 9.9 9.8 10.5 3.5 2 0 3 5 5
-4305.8 -7779.3 -6.9 256 0 6.6 13.6 10.5 3.5 2 1 3 4 4
-4313.8 -7695.2 -8.0 341 0 9.9 9.8 10.5 3.5 2 0 3 1 1
-4314.7 -7788.0 -6.2 256 0 6.6 13.6 10.5 3.5 2 1 3 5 5
-4220.2 -7628.4 -10.1 359 0 17.6 6.0 14.0 3.5 4 0 4 4 4
-2917.7 -8179.2 5.7 161 0 8.6 9.4 7.5 0.0 0 1 3 1 1
-3037.2 -8137.4 4.7 49 0 9.0 17.5 5.0 2.5 2 1 2 1 1
-2904.6 -8243.1 5.6 336 0 9.6 7.5 7.5 2.5 2 0 3 3 3
-2773.8 -8092.1 3.3 323 0 10.7 20.4 12.5 0.0 0 1 5 5 5
-2923.3 -8002.6 1.7 147 0 13.4 10.2 7.5 2.5 4 0 3 1 1
-2897.7 -8254.9 5.5 329 0 12.4 8.0 5.0 2.5 2 0 2 3 3
-2893.7 -8223.2 6.1 153 0 9.5 11.9 5.0 2.5 2 1 2 1 1
-2888.1 -8233.4 6.2 156 0 9.3 9.7 2.5 2.5 4 1 1 4 4
-2955.9 -8160.5 6.3 321 0 7.4 12.3 2.5 2.5 2 1 1 0 0
-2937.0 -8146.3 6.5 150 0 9.0 11.9 5.0 0.0 0 1 2 1 1
-2980.0 -8127.7 6.0 319 0 8.8 9.4 2.5 0.0 0 1 1 4 4
-2950.8 -8170.8 5.8 323 0 7.9 11.6 7.5 2.5 2 1 3 0 0
-2923.3 -8167.5 6.2 154 0 11.9 8.8 5.0 2.5 2 0 2 3 3
-2980.7 -8010.4 4.2 224 0 11.8 13.7 5.0 2.5 2 1 2 1 1
-2857.9 -8373.7 5.2 261 0 7.7 8.0 2.5 0.0 0 1 1 2 2
-3041.7 -8024.2 3.8 49 0 8.0 13.4 2.5 2.5 4 1 1 5 5
-3051.8 -8033.5 3.9 49 0 7.9 13.4 5.0 2.5 2 1 2 0 0
-2911.3 -8327.2 4.2 325 0 7.5 9.2 5.0 2.5 2 1 2 2 2
-2915.6 -8321.1 4.1 325 0 7.4 9.2 5.0 2.5 2 1 2 4 4
-3001.2 -7982.7 3.4 94 0 6.0 17.7 7.5 2.5 2 1 3 3 3
-2930.3 -8300.2 4.1 323 0 7.8 9.3 5.0 2.5 2 1 2 0 0
-2935.0 -8294.0 4.1 323 0 7.8 9.3 5.0 2.5 2 1 2 1 1
-2953.0 -8275.5 4.1 320 0 8.2 8.0 7.5 2.5 2 0 3 3 3
-2964.0 -8257.7 3.8 319 0 7.3 9.0 2.5 2.5 2 1 1 5 5
-2994.0 -8229.7 4.0 317 0 8.1 7.6 5.0 0.0 0 0 2 3 3
-3014.7 -8203.4 4.4 315 0 8.1 9.2 7.5 2.5 2 1 3 3 3
-2880.7 -8374.6 5.0 302 0 8.6 7.3 5.0 2.5 2 0 2 3 3
-3070.4 -8146.5 4.9 314 0 6.7 9.8 5.0 2.5 2 1 2 5 5
-3075.2 -8141.8 5.0 314 0 6.7 9.8 5.0 2.5 2 1 2 2 2
-3020.9 -8044.2 4.2 231 0 9.8 11.8 2.5 2.5 2 1 1 1 1
-2902.3 -8295.9 4.9 145 0 8.3 7.8 5.0 2.5 4 0 2 3 3
-2907.1 -8289.2 4.9 145 0 8.3 7.8 5.0 2.5 2 0 2 1 1
-2927.4 -8262.8 5.0 143 0 8.1 8.2 7.5 2.5 2 1 3 4 4
-2945.3 -8244.4 4.5 139 0 9.6 8.4 7.5 2.5 2 0 3 5 5
-2967.4 -8216.2 3.9 136 0 8.2 7.4 5.0 2.5 2 0 2 2 2
-2973.1 -8210.3 4.1 136 0 8.3 7.4 5.0 2.5 2 0 2 2 2
-3991.4 -7795.2 -8.7 99 0 6.2 7.4 10.5 3.5 2 1 3 1 1
-3969.7 -7817.1 -7.4 279 0 6.1 7.3 10.5 3.5 2 1 3 4 4
-3961.0 -7800.1 -8.0 99 0 6.2 7.4 10.5 3.5 2 1 3 3 3
-3963.6 -7818.0 -7.3 279 0 6.1 7.3 10.5 3.5 2 1 3 2 2
-3954.9 -7801.1 -7.9 99 0 6.2 7.4 10.5 3.5 4 1 3 4 4
-3957.6 -7818.9 -7.2 279 0 6.1 7.3 10.5 3.5 2 1 3 5 5
-3993.9 -7813.3 -7.9 279 0 6.1 7.3 10.5 0.0 0 1 3 5 5
-3885.2 -7785.3 -8.0 8 0 10.3 21.4 10.5 3.5 2 1 3 4 4
-3985.3 -7796.2 -8.5 99 0 6.2 7.4 10.5 3.5 2 1 3 2 2
-3890.7 -7854.5 -6.8 98 0 10.6 54.3 10.5 3.5 2 1 3 0 0
-3987.8 -7814.3 -7.8 279 0 6.1 7.3 10.5 3.5 2 1 3 3 3
-3979.2 -7797.2 -8.4 99 0 6.2 7.4 10.5 0.0 0 1 3 5 5
-3981.8 -7815.2 -7.7 279 0 6.1 7.3 10.5 3.5 2 1 3 0 0
-3973.2 -7798.1 -8.3 99 0 6.2 7.4 10.5 3.5 2 1 3 4 4
-3975.7 -7816.1 -7.6 279 0 6.1 7.3 10.5 3.5 2 1 3 4 4
-3967.1 -7799.1 -8.2 99 0 6.2 7.4 10.5 3.5 2 1 3 3 3
-5823.7 -6128.6 5.4 93 0 8.3 11.7 5.0 2.5 2 1 2 2 2
-5631.9 -6198.3 3.8 1 0 16.5 14.7 5.0 2.5 2 0 2 0 0
-5874.9 -6121.5 4.5 182 0 14.4 17.3 5.0 2.5 2 1 2 3 3
-5748.0 -6142.4 5.3 94 0 9.0 18.5 7.5 2.5 2 1 3 5 5
-5681.5 -6195.2 4.2 179 0 8.4 16.2 5.0 2.5 2 1 2 3 3
-5686.8 -6148.2 5.1 90 0 11.5 11.1 5.0 2.5 2 0 2 2 2
-5904.2 -6215.2 1.9 184 0 11.5 21.2 7.5 0.0 0 1 3 3 3
-5956.0 -6144.9 2.7 1 0 27.4 9.8 7.5 2.5 2 0 3 0 0
-5930.3 -6230.2 1.5 201 0 11.3 25.5 7.5 2.5 2 1 3 1 1
-5615.5 -6203.9 3.7 176 0 10.7 21.5 2.5 2.5 2 1 1 0 0
-5572.7 -6201.2 3.6 356 0 10.7 21.5 5.0 2.5 2 1 2 4 4
-5528.7 -6202.5 3.3 86 0 21.5 10.7 5.0 2.5 2 0 2 0 0
-5561.1 -6199.3 3.4 176 0 10.7 21.5 5.0 2.5 2 1 2 5 5
-5502.3 -6147.9 3.2 90 0 8.1 14.6 2.5 2.5 2 1 1 5 5
-5484.1 -6177.9 3.1 271 0 8.1 15.6 5.0 0.0 0 1 2 0 0
-5524.4 -6112.1 3.1 180 0 12.6 15.2 2.5 2.5 2 1 1 4 4
-5501.4 -6178.4 3.3 268 0 13.9 7.7 2.5 2.5 2 0 1 1 1
-5415.1 -6166.9 2.5 263 0 9.5 7.9 2.5 2.5 2 0 1 4 4
-5472.1 -6144.5 2.9 90 0 6.8 11.8 2.5 2.5 2 1 1 0 0
-5465.0 -6176.0 3.1 270 0 14.4 9.4 5.0 2.5 2 0 2 1 1
-5262.8 -6606.2 -11.9 343 0 18.2 11.8 10.0 0.0 0 0 4 1 1
-5430.0 -6100.3 0.5 317 0 12.5 9.5 7.5 0.0 0 0 3 0 0
-5455.5 -6091.7 1.3 270 0 6.5 9.9 7.5 2.5 2 1 3 2 2
-5472.2 -6084.5 1.7 270 0 6.6 10.6 5.0 2.5 2 1 2 2 2
-5092.9 -6768.0 -14.4 178 0 6.8 11.8 7.5 2.5 2 1 3 1 1
-5524.9 -6086.6 2.4 90 0 7.6 17.9 7.5 2.5 4 1 3 4 4
-5543.1 -6058.4 2.5 271 0 7.3 14.6 7.5 2.5 2 1 3 0 0
-5564.3 -6051.3 2.7 270 0 7.1 14.7 5.0 2.5 2 1 2 2 2
-5352.9 -6188.2 0.3 26 0 13.3 30.8 17.5 2.5 2 1 7 2 2
-5338.0 -6267.0 -3.4 134 0 12.9 54.6 12.5 2.5 2 1 5 4 4
-5266.7 -6306.3 -4.7 333 0 10.7 19.8 10.0 0.0 0 1 4 4 4
-5314.0 -6173.2 -4.4 151 0 6.2 16.5 7.5 0.0 0 1 3 0 0
-5324.7 -6165.3 -3.7 118 0 9.7 17.3 7.5 2.5 2 1 3 4 4
-5329.3 -6147.8 -3.0 298 0 12.4 6.8 7.5 2.5 2 0 3 1 1
-5338.9 -6138.0 -3.0 299 0 10.6 8.3 5.0 2.5 2 0 2 1 1
-5373.3 -6125.6 -2.7 208 0 10.8 14.1 7.5 2.5 2 1 3 1 1
-5246.5 -6380.5 -6.8 345 0 8.0 9.5 5.0 2.5 2 1 2 2 2
-5272.3 -6291.5 -4.3 344 0 9.0 11.3 5.0 2.5 2 1 2 1 1
-5376.5 -6230.9 0.7 28 0 19.6 18.3 12.5 2.5 2 0 5 1 1
-5428.5 -6306.9 -0.3 299 0 6.5 14.8 5.0 2.5 2 1 2 1 1
-5421.2 -6311.1 -0.3 299 0 6.4 12.3 5.0 2.5 2 1 2 1 1
-5379.7 -6298.5 -0.5 209 0 6.6 12.4 5.0 0.0 0 1 2 0 0
-5381.9 -6283.1 -0.6 208 0 6.6 12.5 5.0 2.5 4 1 2 1 1
-5346.2 -6284.6 -1.6 255 0 6.4 9.0 5.0 2.5 4 1 2 1 1
-5324.8 -6306.3 -2.4 165 0 6.1 6.9 5.0 2.5 2 1 2 2 2
-5360.9 -6331.6 -2.2 333 0 10.1 30.0 12.5 2.5 2 1 5 0 0
-5261.6 -6360.1 -6.2 167 0 16.5 8.5 7.5 2.5 4 0 3 0 0
-5279.8 -6366.4 -5.6 75 0 16.4 8.6 5.0 2.5 2 0 2 1 1
-5333.0 -6372.1 -5.9 256 0 8.0 6.1 5.0 2.5 2 0 2 2 2
-5341.7 -6354.5 -3.7 11 0 6.4 8.8 5.0 2.5 2 1 2 5 5
-5369.8 -6386.9 -6.1 165 0 6.5 8.0 7.5 2.5 4 1 3 2 2
-5416.5 -6382.5 -5.5 346 0 11.1 14.7 7.5 2.5 2 1 3 2 2
-5420.1 -6368.9 -4.5 347 0 8.4 12.7 7.5 2.5 2 1 3 0 0
-5437.1 -6359.3 -3.5 167 0 14.1 8.8 7.5 2.5 2 0 3 0 0
-5378.2 -6399.7 -6.4 7 0 7.4 8.2 5.0 2.5 2 1 2 4 4
-5382.5 -6438.2 -8.8 267 0 8.0 6.4 5.0 2.5 2 0 2 5 5
-5390.8 -6401.8 -6.3 97 0 8.2 7.4 2.5 2.5 2 0 1 1 1
-5385.0 -6362.6 -4.3 332 0 8.9 11.3 7.5 2.5 2 1 3 2 2
-5398.9 -6400.7 -6.2 97 0 8.2 7.4 7.5 2.5 2 0 3 2 2
-5410.7 -6408.1 -7.0 345 0 7.3 16.1 5.0 2.5 2 1 2 2 2
-5257.6 -6425.3 -9.7 255 0 16.1 35.1 12.5 2.5 2 1 5 5 5
-5227.4 -6473.3 -9.3 75 0 9.3 29.3 10.0 2.5 2 1 4 5 5
-5305.1 -6417.4 -7.5 75 0 7.9 6.4 5.0 2.5 2 0 2 0 0
-5315.1 -6441.6 -9.2 256 0 7.9 6.3 5.0 2.5 2 0 2 1 1
-5312.8 -6419.4 -7.6 75 0 7.9 6.4 2.5 2.5 2 0 1 3 3
-5324.3 -6442.3 -9.2 277 0 8.1 6.6 5.0 2.5 2 0 2 4 4
-5332.3 -6441.4 -9.1 277 0 8.1 6.6 5.0 2.5 2 0 2 4 4
-5257.1 -6408.2 -7.1 75 0 13.2 9.1 5.0 2.5 2 0 2 4 4
-5348.5 -6420.5 -7.5 96 0 8.1 6.6 5.0 0.0 0 0 2 4 4
-5348.3 -6439.6 -9.0 277 0 8.1 6.6 5.0 0.0 0 0 2 2 2
-5356.5 -6419.6 -7.5 96 0 8.1 6.6 5.0 2.5 2 0 2 5 5
-5356.3 -6438.6 -8.9 277 0 8.1 6.6 2.5 2.5 4 0 1 1 1
-5375.8 -6412.0 -7.1 184 0 6.6 6.8 5.0 2.5 2 1 2 4 4
-5292.1 -6435.9 -8.9 256 0 7.9 6.3 5.0 2.5 2 0 2 1 1
-5299.7 -6437.8 -9.0 256 0 7.9 6.3 5.0 2.5 2 0 2 1 1
-5394.2 -6511.6 -12.0 164 0 8.6 8.8 7.5 0.0 0 1 3 1 1
-5263.4 -6502.3 -11.2 256 0 6.2 9.0 5.0 2.5 4 1 2 1 1
-5237.3 -6595.8 -11.2 163 0 8.3 8.7 7.5 2.5 2 1 3 2 2
-5161.8 -6581.7 -10.0 177 0 7.4 8.6 5.0 2.5 4 1 2 1 1
-5196.3 -6345.1 -8.0 256 0 7.8 11.3 5.0 2.5 2 1 2 3 3
-5246.1 -6554.1 -11.0 163 0 8.4 8.6 5.0 2.5 2 1 2 1 1
-5114.1 -6601.1 -10.1 353 0 34.6 10.6 10.0 2.5 2 0 4 4 4
-5111.0 -6410.6 -9.5 266 0 7.7 12.3 2.5 2.5 2 1 1 3 3
-5150.0 -6359.5 -9.1 345 0 8.0 7.5 5.0 2.5 2 0 2 1 1
-5140.8 -6394.4 -9.1 345 0 8.1 7.7 5.0 2.5 2 0 2 0 0
-5142.9 -6386.5 -9.1 345 0 8.1 7.7 2.5 2.5 2 0 1 4 4
-5125.3 -6366.4 -9.9 165 0 8.1 7.5 2.5 2.5 2 0 1 0 0
-5164.0 -6680.2 -12.4 8 0 8.2 14.9 5.0 2.5 2 1 2 2 2
-5150.4 -6692.8 -14.4 178 0 43.9 31.3 10.0 0.0 0 0 4 4 4
-5104.0 -6784.5 -15.2 357 0 11.9 27.7 10.0 2.5 4 1 4 5 5
-5105.3 -6738.6 -14.2 358 0 11.9 16.6 10.0 2.5 2 1 4 5 5
-5083.6 -6711.1 -13.7 292 0 6.4 15.7 7.5 2.5 2 1 3 4 4
-5113.8 -6764.4 -14.9 267 0 17.6 14.6 10.0 2.5 4 0 4 5 5
-5086.1 -6677.1 -11.7 358 0 14.7 7.3 2.5 2.5 2 0 1 1 1
-5104.4 -6751.1 -14.4 355 0 8.4 6.0 7.5 0.0 0 0 3 0 0
-5106.6 -6874.5 -15.9 54 0 8.6 29.0 5.0 2.5 2 1 2 1 1
-5126.8 -6770.1 -15.0 267 0 7.2 12.0 7.5 2.5 2 1 3 2 2
-5049.2 -6824.2 -14.8 354 0 18.2 15.4 10.0 2.5 2 0 4 2 2
-5074.7 -6668.9 -11.5 265 0 6.3 16.6 5.0 2.5 2 1 2 0 0
-5076.9 -6653.0 -10.8 85 0 7.6 11.8 5.0 2.5 2 1 2 1 1
-5131.0 -6653.4 -10.9 90 0 8.6 11.5 5.0 2.5 2 1 2 4 4
-5052.5 -6653.1 -11.0 86 0 9.1 20.6 7.5 0.0 0 1 3 0 0
-4808.4 -6651.7 -13.7 167 0 9.8 8.2 5.0 2.5 4 0 2 3 3
-4964.5 -6696.5 -12.5 354 0 11.3 26.0 10.0 2.5 2 1 4 2 2
-4925.0 -6637.1 -12.2 85 0 8.9 8.0 5.0 2.5 2 0 2 4 4
-4916.2 -6636.3 -12.2 85 0 8.9 8.0 5.0 2.5 2 0 2 3 3
-4792.5 -6647.9 -13.7 346 0 9.8 8.2 2.5 2.5 2 0 1 2 2
-4828.2 -6627.5 -13.4 80 0 6.1 8.2 2.5 2.5 2 1 1 4 4
-4860.1 -6658.5 -13.2 176 0 8.6 11.7 2.5 2.5 4 1 1 4 4
-4913.0 -6661.3 -12.7 266 0 6.1 7.8 5.0 2.5 2 1 2 4 4
-4919.1 -6661.8 -12.7 266 0 6.1 7.8 5.0 2.5 2 1 2 1 1
-4632.5 -6659.9 -14.7 117 0 10.0 13.0 10.5 0.0 0 1 3 0 0
-4652.9 -6643.2 -14.4 115 0 13.0 7.5 10.5 3.5 2 0 3 0 0
-4671.0 -6629.0 -14.2 207 0 9.4 13.1 10.5 3.5 2 1 3 1 1
-4677.5 -6627.3 -14.0 26 0 6.9 15.4 2.5 2.5 2 1 1 1 1
-4707.4 -6645.8 -13.7 358 1 11.0 11.0 14.0 0.0 0 1 4 3 3
-4760.2 -6616.0 -13.4 73 0 14.8 7.1 5.0 0.0 0 0 2 3 3
-4899.8 -6453.9 -10.9 193 0 13.4 16.1 2.5 0.0 0 1 1 1 1
-5053.5 -6355.1 -10.9 29 0 9.0 6.8 2.5 0.0 0 0 1 0 0
-4982.6 -6394.9 -10.6 32 0 9.8 6.2 5.0 2.5 2 0 2 3 3
-5033.6 -6366.0 -10.7 211 0 10.1 14.8 7.5 2.5 2 1 3 3 3
-5114.7 -6315.6 -8.5 297 0 14.1 8.9 5.0 2.5 2 0 2 2 2
-5063.3 -6344.3 -10.9 298 0 7.2 9.3 5.0 2.5 2 1 2 4 4
-5053.4 -6620.3 -10.7 355 0 6.9 9.5 5.0 2.5 2 1 2 2 2
-5054.0 -6613.4 -10.7 356 0 6.9 9.5 5.0 2.5 2 1 2 2 2
-5054.4 -6602.8 -10.7 355 0 7.0 9.8 2.5 2.5 2 1 1 1 1
-5030.3 -6551.3 -11.4 176 0 9.5 12.6 5.0 2.5 4 1 2 0 0
-5055.7 -6560.0 -11.0 355 0 7.0 10.4 2.5 2.5 2 1 1 0 0
-5030.1 -6539.6 -11.2 177 0 7.6 8.3 2.5 2.5 2 1 1 3 3
-5031.8 -6503.6 -10.3 177 0 7.7 12.0 5.0 2.5 2 1 2 1 1
-5056.3 -6530.6 -10.7 358 0 7.0 10.6 5.0 2.5 2 1 2 4 4
-5031.9 -6491.3 -10.0 178 0 7.3 11.9 2.5 2.5 4 1 1 2 2
-5057.3 -6512.2 -10.3 356 0 7.0 10.4 2.5 0.0 0 1 1 5 5
-5033.6 -6467.1 -9.4 177 0 7.0 12.4 5.0 2.5 2 1 2 0 0
-5034.0 -6455.0 -9.2 177 0 7.4 12.7 5.0 2.5 2 1 2 4 4
-5057.7 -6493.9 -9.8 357 0 6.1 14.3 2.5 2.5 2 1 1 1 1
-5058.5 -6481.8 -9.5 356 0 9.3 10.9 2.5 2.5 4 1 1 3 3
-5055.0 -6595.8 -10.6 355 0 7.0 9.8 5.0 2.5 2 1 2 2 2
-5035.3 -6429.6 -9.7 176 0 8.4 11.8 5.0 2.5 2 1 2 4 4
-5060.3 -6454.2 -9.3 356 0 8.2 13.6 5.0 2.5 2 1 2 0 0
-5060.4 -6441.4 -9.5 357 0 6.3 15.9 5.0 2.5 2 1 2 4 4
-5061.4 -6430.1 -9.7 356 0 7.2 14.4 2.5 2.5 2 1 1 1 1
-5087.8 -6362.3 -10.2 269 0 7.9 11.4 5.0 0.0 0 1 2 1 1
-5054.3 -6585.5 -10.6 356 0 7.0 10.6 2.5 0.0 0 1 1 3 3
-5029.2 -6576.0 -11.4 179 0 8.4 9.7 5.0 2.5 2 1 2 3 3
-5054.7 -6578.6 -10.7 356 0 7.0 10.6 2.5 2.5 2 1 1 0 0
-5055.0 -6567.0 -10.9 355 0 7.0 10.4 2.5 2.5 4 1 1 5 5
-5026.2 -6623.7 -11.4 87 0 10.5 10.9 5.0 2.5 2 1 2 1 1
-4985.0 -6596.8 -11.8 357 0 7.6 12.0 5.0 2.5 2 1 2 0 0
-4964.2 -6526.9 -11.9 177 0 6.7 9.3 2.5 2.5 2 1 1 3 3
-4964.6 -6520.1 -11.7 177 0 6.8 9.3 2.5 2.5 2 1 1 2 2
-4965.3 -6509.5 -11.3 177 0 8.6 8.6 5.0 2.5 2 0 2 1 1
-4965.8 -6500.9 -10.9 177 0 8.6 8.6 2.5 2.5 2 0 1 5 5
-4990.5 -6511.1 -10.8 357 0 7.2 11.8 2.5 2.5 2 1 1 3 3
-4991.2 -6498.9 -10.5 356 0 8.8 8.2 5.0 2.5 2 0 2 1 1
-4997.3 -6486.2 -10.1 356 0 9.0 7.5 5.0 0.0 0 0 2 3 3
-4968.4 -6464.3 -9.8 177 0 8.3 13.7 7.5 2.5 2 1 3 2 2
-4994.5 -6461.7 -9.5 357 0 9.1 8.0 5.0 2.5 2 0 2 3 3
-4986.9 -6581.4 -11.8 356 0 8.9 10.9 5.0 2.5 2 1 2 2 2
-4997.4 -6413.8 -9.9 357 0 6.9 9.9 2.5 2.5 2 1 1 1 1
-4966.0 -6555.6 -12.1 177 0 7.8 11.7 2.5 0.0 0 1 1 5 5
-4986.9 -6558.1 -11.8 357 0 7.8 16.6 7.5 2.5 2 1 3 4 4
-4964.9 -6538.0 -12.0 177 0 7.4 8.9 2.5 2.5 2 1 1 5 5
-4918.7 -6502.5 -12.0 357 0 17.2 14.7 7.5 2.5 2 0 3 3 3
-4896.1 -6532.3 -12.6 172 0 7.4 11.6 5.0 2.5 2 1 2 2 2
-4896.6 -6521.5 -12.5 172 0 7.4 11.6 2.5 0.0 0 1 1 3 3
-4897.0 -6510.5 -12.4 172 0 7.4 11.6 5.0 2.5 2 1 2 0 0
-4916.4 -6549.6 -12.5 356 0 7.6 13.3 7.5 2.5 2 1 3 1 1
-4917.4 -6537.4 -12.4 356 0 8.1 14.1 5.0 2.5 2 1 2 5 5
-4890.0 -6593.1 -12.7 177 0 8.3 8.9 5.0 2.5 2 1 2 0 0
-4917.4 -6523.9 -12.2 357 0 10.2 9.6 2.5 2.5 2 0 1 4 4
-4918.2 -6479.1 -11.1 357 0 13.4 8.0 5.0 2.5 2 0 2 3 3
-4916.4 -6432.8 -10.1 18 0 9.5 9.7 5.0 2.5 2 1 2 0 0
-4889.4 -6579.4 -12.8 176 0 7.6 13.5 7.5 2.5 4 1 3 3 3
-4913.6 -6582.4 -12.4 358 0 6.4 8.9 2.5 2.5 2 1 1 1 1
-4913.9 -6576.0 -12.4 358 0 6.4 8.9 5.0 0.0 0 1 2 0 0
-4669.2 -6569.6 -14.5 309 0 13.3 6.9 5.0 2.5 2 0 2 0 0
-4825.4 -6558.0 -13.4 334 0 7.1 6.5 5.0 2.5 2 0 2 4 4
-4717.9 -6589.9 -13.8 129 0 10.0 8.3 5.0 2.5 2 0 2 4 4
-4725.7 -6583.6 -13.7 129 0 10.0 8.3 5.0 0.0 0 0 2 1 1
-4714.7 -6561.7 -14.1 218 0 8.9 21.1 10.0 2.5 2 1 4 5 5
-4515.9 -6689.3 -16.7 310 0 17.0 11.0 10.5 3.5 2 0 3 5 5
-4808.5 -6532.9 -13.3 243 0 8.5 6.4 5.0 2.5 2 0 2 4 4
-4811.4 -6527.2 -13.3 243 0 8.6 6.4 5.0 2.5 2 0 2 2 2
-4808.0 -6543.4 -13.4 153 0 6.4 8.6 5.0 2.5 4 1 2 2 2
-4653.5 -6589.6 -14.5 38 0 6.8 12.9 2.5 2.5 2 1 1 1 1
-4874.1 -6459.3 -11.3 333 0 9.0 10.6 2.5 2.5 2 1 1 2 2
-4831.5 -6544.2 -13.3 333 0 6.7 9.3 7.5 2.5 2 1 3 0 0
-4601.2 -6624.4 -15.1 311 0 6.1 12.3 10.5 3.5 2 1 3 1 1
-4843.7 -6479.4 -12.6 153 0 7.9 11.1 5.0 2.5 2 1 2 1 1
-4743.9 -6557.6 -13.5 309 0 6.4 16.0 5.0 2.5 2 1 2 5 5
-4818.5 -6579.8 -13.4 337 0 10.6 11.5 5.0 2.5 2 1 2 0 0
-4780.9 -6585.3 -13.5 92 0 11.0 15.9 7.5 0.0 0 1 3 0 0
-4820.1 -6564.9 -13.4 333 0 7.6 9.0 2.5 2.5 4 1 1 2 2
-4537.1 -6675.7 -16.5 310 0 6.2 8.0 10.5 3.5 2 1 3 5 5
-4541.9 -6671.7 -16.5 310 0 6.3 8.0 10.5 3.5 2 1 3 1 1
-4550.1 -6664.0 -16.4 310 0 16.3 12.4 10.5 3.5 2 0 3 2 2
-4177.7 -7170.0 -14.9 331 0 7.0 8.1 14.0 3.5 2 1 4 2 2
-4190.0 -7172.8 -15.1 241 0 8.1 7.0 14.0 3.5 2 0 4 0 0
-4183.9 -7275.7 -15.0 347 0 8.9 11.9 10.5 0.0 0 1 3 2 2
-4198.0 -7279.8 -15.0 345 0 8.2 14.7 10.5 3.5 2 1 3 0 0
-4221.7 -7280.8 -15.1 245 0 6.1 8.6 10.5 3.5 2 1 3 2 2
-4227.2 -7283.4 -15.1 245 0 6.1 8.6 10.5 3.5 2 1 3 1 1
-4300.7 -7314.6 -14.4 244 0 10.6 16.1 10.5 3.5 2 1 3 5 5
-4318.0 -7321.7 -14.3 243 0 10.9 13.3 10.5 3.5 2 1 3 1 1
-4197.1 -7176.8 -15.3 241 0 8.1 7.0 14.0 3.5 2 0 4 0 0
-4404.1 -7374.7 -15.1 234 0 7.1 10.5 10.5 3.5 4 1 3 4 4
-4221.2 -7163.6 -15.1 151 0 9.2 7.4 14.0 3.5 2 0 4 5 5
-4209.3 -7162.3 -15.0 61 0 7.4 9.3 14.0 3.5 2 1 4 0 0
-4202.8 -7158.6 -14.9 61 0 7.4 9.3 14.0 3.5 2 1 4 2 2
-4196.4 -7155.0 -14.9 61 0 7.4 9.3 14.0 0.0 0 1 4 1 1
-4189.0 -7145.5 -14.8 331 0 9.3 7.4 14.0 3.5 2 0 4 5 5
-4344.6 -7363.0 -14.1 334 0 28.2 9.5 10.5 0.0 0 0 3 0 0
-4327.3 -7384.8 -13.4 152 0 19.1 15.8 10.5 3.5 2 0 3 4 4
-4336.0 -7368.2 -13.7 153 0 12.5 15.5 10.5 3.5 4 1 3 3 3
-4120.4 -7234.8 -14.4 241 0 7.9 7.8 10.5 3.5 4 0 3 3 3
-4137.5 -7242.5 -14.9 243 0 6.8 9.5 10.5 3.5 2 1 3 4 4
-4088.4 -7214.6 -13.7 241 0 11.0 6.2 10.5 0.0 0 0 3 3 3
-4003.8 -7107.4 -10.5 23 0 6.2 12.0 14.0 3.5 2 1 4 5 5
-3995.6 -7087.5 -11.3 23 0 11.6 40.6 14.0 3.5 2 1 4 1 1
-3999.0 -7095.8 -10.4 23 0 6.4 6.5 14.0 3.5 2 1 4 2 2
-4001.4 -7101.7 -10.4 22 0 6.2 6.5 14.0 3.5 2 1 4 3 3
-4031.8 -7107.2 -11.1 203 0 8.6 26.0 14.0 3.5 2 1 4 4 4
-3867.2 -7163.8 -6.2 84 0 9.9 9.8 14.0 3.5 2 0 4 1 1
-4116.7 -7052.5 -12.8 158 0 33.8 12.3 14.0 3.5 2 0 4 2 2
-4377.8 -6826.8 -12.8 306 0 17.2 10.8 10.5 3.5 2 0 3 5 5
-4109.1 -7071.0 -12.8 158 0 6.2 12.2 14.0 3.5 2 1 4 5 5
-3915.1 -7118.2 -8.7 79 0 14.8 21.8 14.0 0.0 0 1 4 2 2
-3911.7 -7450.0 -6.7 260 0 9.7 34.2 14.0 3.5 2 1 4 1 1
-3787.3 -7444.8 -1.5 147 0 9.1 7.6 14.0 3.5 2 0 4 1 1
-3792.2 -7437.2 -1.6 147 0 9.1 7.6 14.0 0.0 0 0 4 0 0
-3797.2 -7429.6 -1.7 147 0 9.1 7.6 14.0 3.5 2 0 4 4 4
-3953.3 -7327.1 -8.1 158 0 15.6 9.3 14.0 3.5 2 0 4 4 4
-3856.5 -7282.5 -3.1 192 1 10.4 10.2 14.0 3.5 2 0 4 1 1
-3906.4 -7269.8 -5.6 186 0 7.9 13.9 10.5 3.5 2 1 3 5 5
-3914.8 -7263.2 -6.4 146 0 9.3 6.6 10.5 3.5 2 0 3 2 2
-3967.7 -7212.8 -9.9 76 0 8.7 7.3 10.5 3.5 4 0 3 5 5
-3909.6 -7218.6 -7.1 272 0 9.4 12.1 10.5 3.5 2 1 3 5 5
-3919.5 -7218.2 -7.6 272 0 10.5 8.3 10.5 3.5 2 0 3 2 2
-3930.4 -7217.8 -8.1 272 0 11.3 8.3 10.5 3.5 2 0 3 5 5
-3886.9 -7226.1 -6.1 280 0 8.9 7.7 10.5 3.5 2 0 3 4 4
-3884.9 -7247.7 -6.0 6 0 7.2 10.0 10.5 3.5 2 1 3 0 0
-3884.2 -7240.6 -6.2 6 0 7.2 10.0 10.5 3.5 4 1 3 4 4
-3893.8 -7120.4 -6.7 254 0 7.4 12.4 14.0 3.5 4 1 4 1 1
-3970.1 -7089.4 -9.9 282 0 6.6 8.4 14.0 3.5 2 1 4 5 5
-3822.0 -7172.4 -8.0 306 0 11.8 31.5 14.0 0.0 0 1 4 0 0
-3808.2 -7163.5 -9.4 302 0 10.9 7.0 14.0 3.5 2 0 4 2 2
-3795.4 -7171.5 -10.0 302 0 19.2 19.0 14.0 3.5 2 0 4 4 4
-3994.1 -7116.5 -9.8 199 0 6.3 17.9 14.0 3.5 2 1 4 3 3
-3934.2 -7131.2 -7.4 259 0 6.8 9.1 10.5 3.5 2 1 3 3 3
-3992.2 -7110.6 -9.9 197 0 6.1 17.9 14.0 3.5 2 1 4 0 0
-4038.8 -7198.2 -12.3 152 0 7.6 9.9 14.0 3.5 2 1 4 3 3
-4042.7 -7191.1 -12.4 152 0 8.7 9.9 14.0 3.5 2 1 4 3 3
-4046.6 -7183.7 -12.5 152 0 8.0 10.9 14.0 3.5 2 1 4 5 5
-4024.0 -7191.9 -11.9 13 0 7.5 7.4 14.0 3.5 2 0 4 3 3
-4018.3 -7160.5 -11.4 15 0 10.8 6.1 14.0 3.5 2 0 4 4 4
-4050.3 -7176.8 -12.5 152 0 7.7 8.8 14.0 3.5 2 1 4 1 1
-3942.6 -7203.6 -8.4 214 0 9.0 8.8 14.0 3.5 2 0 4 1 1
-3968.5 -7240.8 -10.1 34 0 6.7 17.9 14.0 3.5 2 1 4 1 1
-3998.1 -7274.0 -9.9 164 0 7.0 8.7 14.0 3.5 2 1 4 1 1
-4002.0 -7260.4 -10.6 164 0 7.0 8.7 14.0 3.5 2 1 4 4 4
-4015.2 -7194.4 -11.5 195 0 6.5 9.6 14.0 3.5 2 1 4 4 4
-3999.1 -7228.4 -11.3 254 0 20.3 22.1 14.0 3.5 2 1 4 4 4
-4000.0 -7267.2 -10.3 164 0 7.1 8.7 14.0 3.5 2 1 4 3 3
-4007.7 -7338.9 -11.3 352 0 7.7 19.8 14.0 3.5 2 1 4 2 2
-4029.3 -7282.1 -11.0 257 0 31.6 20.6 14.0 0.0 0 0 4 0 0
-4077.9 -7126.7 -12.2 150 0 6.0 8.1 14.0 3.5 2 1 4 2 2
-4073.9 -7133.7 -12.1 150 0 10.1 8.1 14.0 3.5 2 0 4 4 4
-4080.8 -7121.5 -12.3 150 0 6.0 8.1 14.0 3.5 2 1 4 0 0
-4051.3 -7270.0 -12.0 347 0 6.2 9.3 10.5 3.5 2 1 3 1 1
-4067.5 -7322.5 -12.2 347 0 8.0 12.5 10.5 3.5 2 1 3 2 2
-4063.8 -7335.9 -12.2 347 0 8.2 8.5 10.5 3.5 4 1 3 3 3
-4060.8 -7346.6 -12.5 346 0 7.8 8.4 10.5 3.5 2 1 3 5 5
-4045.3 -7269.4 -11.7 169 0 10.4 12.1 10.5 3.5 2 1 3 4 4
-4047.9 -7245.2 -12.9 67 0 9.5 9.7 10.5 3.5 2 1 3 5 5
-4086.4 -7256.5 -13.6 334 0 11.9 11.2 10.5 3.5 2 0 3 2 2
-4062.1 -7199.1 -13.1 239 0 13.0 6.8 10.5 3.5 2 0 3 3 3
-4095.4 -7117.2 -13.0 331 0 8.0 23.0 14.0 0.0 0 1 4 2 2
-4089.4 -7144.0 -12.7 61 0 15.5 9.3 14.0 3.5 4 0 4 0 0
-4172.1 -7140.0 -14.6 242 0 18.1 20.5 14.0 3.5 2 1 4 4 4
-4382.6 -7023.8 -14.9 180 0 9.5 6.5 10.5 3.5 2 0 3 2 2
-4382.5 -7014.3 -14.8 181 0 9.5 6.5 10.5 3.5 4 0 3 5 5
-4381.8 -7003.6 -14.7 180 0 9.0 6.3 10.5 3.5 2 0 3 4 4
-4381.8 -6994.5 -14.6 180 0 9.0 6.3 10.5 3.5 2 0 3 2 2
-4257.9 -7091.3 -14.7 70 0 12.8 42.8 10.5 3.5 2 1 3 5 5
-4422.8 -7076.6 -16.5 186 0 8.6 14.5 10.5 3.5 2 1 3 4 4
-4232.5 -7075.1 -14.3 162 1 10.4 10.6 14.0 3.5 2 1 4 4 4
-4260.7 -7015.3 -13.8 342 0 10.7 8.5 10.5 3.5 2 0 3 1 1
-4252.9 -7040.0 -14.1 342 0 10.0 6.4 10.5 3.5 2 0 3 5 5
-4273.3 -7024.8 -14.0 72 0 8.5 11.0 10.5 0.0 0 1 3 4 4
-4263.6 -7038.2 -14.2 252 0 6.4 10.0 10.5 3.5 2 1 3 1 1
-4283.8 -7027.0 -14.1 74 0 6.2 10.0 10.5 3.5 2 1 3 2 2
-4269.7 -7040.1 -14.3 252 0 6.5 10.0 10.5 3.5 2 1 3 5 5
-4310.2 -7033.0 -14.4 72 0 10.3 10.6 10.5 3.5 2 1 3 3 3
-4336.2 -7036.1 -14.7 80 0 6.2 9.1 10.5 3.5 2 1 3 5 5
-4323.3 -7057.5 -14.5 253 0 6.8 8.3 10.5 3.5 4 1 3 3 3
-4342.3 -7037.2 -14.7 80 0 6.2 9.1 10.5 3.5 2 1 3 1 1
-4329.8 -7059.5 -14.3 253 0 6.8 8.3 10.5 3.5 2 1 3 3 3
-4373.9 -7063.8 -14.6 253 0 11.1 8.6 10.5 3.5 2 0 3 1 1
-4389.9 -7066.0 -15.3 256 0 10.1 7.3 10.5 3.5 2 0 3 0 0
-4350.0 -7040.0 -14.8 78 0 6.9 12.0 10.5 3.5 2 1 3 5 5
-4212.2 -7083.4 -14.5 249 0 45.2 10.8 14.0 3.5 2 0 4 4 4
-4300.9 -7100.2 -15.0 84 0 7.2 7.8 10.5 0.0 0 1 3 2 2
-4308.1 -7100.9 -15.1 84 0 7.1 7.8 10.5 3.5 2 1 3 3 3
-4329.6 -7094.0 -15.0 144 0 6.6 8.5 10.5 3.5 4 1 3 3 3
-4333.5 -7088.6 -14.8 145 0 6.7 8.6 10.5 3.5 2 1 3 1 1
-4172.4 -7067.3 -13.8 248 1 11.4 13.9 14.0 3.5 2 1 4 5 5
-4344.3 -7074.1 -14.1 164 0 6.4 8.2 10.5 3.5 2 1 3 4 4
-4354.0 -7106.7 -15.8 74 0 7.9 6.7 10.5 3.5 2 0 3 1 1
-4352.9 -7096.0 -15.5 344 0 6.7 7.9 10.5 3.5 2 1 3 2 2
-4355.0 -7087.8 -15.1 345 0 6.9 8.0 10.5 3.5 4 1 3 2 2
-4356.8 -7081.1 -14.8 345 0 6.9 8.0 10.5 0.0 0 1 3 1 1
-4368.8 -6978.5 -14.4 270 0 9.2 6.7 10.5 3.5 2 0 3 5 5
-4359.6 -6978.5 -14.4 270 0 9.2 6.7 10.5 3.5 2 0 3 2 2
-4348.5 -6979.0 -14.3 270 0 9.2 6.4 10.5 3.5 2 0 3 5 5
-4334.7 -6982.3 -14.2 0 0 6.4 9.2 10.5 3.5 2 1 3 2 2
-4298.4 -6886.9 -13.4 305 0 8.0 10.5 10.5 3.5 2 1 3 0 0
-4279.5 -6899.2 -13.3 307 0 15.3 11.8 10.5 3.5 4 0 3 4 4
-4262.4 -6937.6 -13.1 171 0 7.8 29.9 10.5 3.5 2 1 3 3 3
-4266.6 -6934.6 -13.3 77 0 7.4 29.2 10.5 3.5 2 1 3 1 1
-4311.4 -6878.8 -13.3 305 0 12.1 6.5 10.5 0.0 0 0 3 4 4
-4321.4 -6871.8 -13.3 305 0 12.1 6.6 10.5 3.5 2 0 3 1 1
-4291.8 -6891.5 -13.4 305 0 8.0 10.5 10.5 3.5 2 1 3 1 1
-4242.1 -6956.9 -12.7 76 0 9.9 26.7 10.5 3.5 2 1 3 1 1
-4363.0 -6845.2 -12.6 35 0 16.1 8.7 10.5 3.5 2 0 3 2 2
-4212.6 -6938.8 -12.2 212 0 7.7 10.7 14.0 3.5 2 1 4 0 0
-2679.2 -8237.8 5.9 76 0 12.3 28.6 12.5 2.5 4 1 5 0 0
-3392.4 -8120.1 -2.6 234 1 12.0 10.7 14.0 3.5 2 0 4 4 4
-3901.8 -8183.5 -0.2 171 0 6.0 10.7 10.5 3.5 2 1 3 1 1
-2346.2 -8569.0 0.9 218 1 17.8 10.4 14.0 0.0 0 0 4 2 2
-4020.9 -7214.6 -11.7 191 0 10.2 8.1 14.0 3.5 2 0 4 5 5
-5741.1 -6049.4 4.9 357 0 19.1 19.1 7.5 0.0 0 1 3 5 5
-3259.5 -8214.3 2.8 13 0 16.3 21.7 14.0 3.5 2 1 4 5 5
-2449.0 -8616.5 2.8 221 0 8.6 21.7 10.5 3.5 2 1 3 3 3
-3527.4 -7675.5 -0.7 21 0 7.5 14.1 14.0 0.0 0 1 4 1 1
-3527.7 -7662.2 0.3 112 0 7.0 13.0 14.0 3.5 2 1 4 2 2
-3839.6 -7724.2 -9.4 289 0 12.6 8.8 10.5 3.5 2 0 3 3 3
-3868.7 -7760.9 -8.6 111 0 6.5 11.0 10.5 3.5 4 1 3 1 1
-3861.0 -7763.9 -8.4 111 0 6.5 11.0 10.5 3.5 2 1 3 4 4
-3853.4 -7767.0 -8.1 111 0 6.5 11.0 10.5 3.5 2 1 3 3 3
-4466.2 -7607.6 -13.1 74 0 11.0 7.9 10.5 3.5 2 0 3 1 1
-4116.5 -7483.7 -14.2 357 0 27.3 34.6 14.0 0.0 0 1 4 4 4
-4222.2 -7517.7 -12.2 153 0 27.4 28.0 10.5 0.0 0 1 3 2 2
-2820.0 -8549.8 4.5 85 0 17.6 64.9 7.5 2.5 2 1 3 1 1
