6849.5 2049.8 -1.1 22 0 10.7 14.5 14.0 3.5 2 0 4 1 1
6362.5 1781.0 -7.8 244 0 15.1 65.2 17.5 3.5 2 1 5 2 2
6284.7 2060.7 11.4 19 0 16.7 22.3 17.5 3.5 2 0 5 0 0
5831.0 1815.3 8.1 296 0 37.0 15.9 17.5 3.5 2 0 5 4 4
5786.3 1839.2 7.1 295 0 31.3 28.2 17.5 0.0 0 0 5 5 5
5538.3 1377.7 1.2 120 0 15.1 41.0 17.5 3.5 2 0 5 2 2
6562.9 -5273.1 -12.9 120 0 20.5 35.0 14.0 0.0 0 0 4 1 1
6276.9 -6121.4 -23.7 131 0 38.8 17.6 12.5 2.5 2 0 5 1 1
5831.6 2097.6 6.6 110 0 19.8 18.2 14.0 3.5 2 0 4 4 4
5162.0 492.5 -24.3 329 0 18.5 31.4 7.0 3.5 2 1 2 2 2
5708.8 -20.0 -15.7 170 0 14.9 37.7 63.0 0.0 0 0 18 3 3
5639.9 -135.8 -21.6 14 0 23.6 13.6 17.5 0.0 0 0 5 1 1
5669.1 -282.2 -18.0 333 0 10.6 32.6 14.0 3.5 2 1 4 0 0
5216.1 879.0 -6.1 92 0 52.0 28.0 14.0 3.5 2 0 4 4 4
6140.7 -307.6 -9.7 117 0 54.0 59.1 17.5 0.0 0 1 5 1 1
5248.3 1210.8 -0.9 186 0 47.1 29.8 17.5 0.0 0 0 5 5 5
5448.9 679.4 -18.3 28 0 44.4 49.2 17.5 0.0 0 1 5 2 2
5453.8 680.7 -17.3 209 0 52.7 66.8 7.0 0.0 0 1 2 2 2
6632.8 -6557.3 -27.6 76 0 16.9 24.4 7.5 0.0 0 1 3 5 5
5840.9 4572.4 -13.4 192 0 7.9 45.8 12.5 2.5 2 1 5 3 3
6310.2 -2011.0 -10.6 184 0 41.7 44.9 17.5 0.0 0 0 5 0 0
6846.5 4970.6 -3.9 45 0 14.7 23.0 5.0 0.0 0 1 2 5 5
6873.8 5132.8 -15.3 186 0 15.3 17.0 7.0 3.5 2 1 2 5 5
6901.9 5080.2 -7.5 178 0 15.4 15.1 7.0 3.5 2 0 2 5 5
6934.7 5002.8 -0.9 91 0 15.0 9.8 7.0 3.5 2 0 2 0 0
6947.5 4977.1 1.3 264 0 6.0 28.3 7.0 0.0 0 1 2 1 1
6880.8 4941.6 1.0 178 0 9.6 21.8 7.0 3.5 2 1 2 5 5
6903.6 5134.4 -14.4 273 0 17.8 10.7 7.0 3.5 2 0 2 5 5
6942.9 5128.8 -13.6 280 0 16.0 13.3 7.0 0.0 0 0 2 4 4
6924.8 5131.6 -13.9 274 0 14.1 11.3 7.0 3.5 4 0 2 4 4
6962.2 5121.1 -12.2 284 0 15.0 9.5 7.0 3.5 2 0 2 2 2
6949.2 4926.8 3.3 100 0 17.3 8.7 7.0 3.5 2 0 2 1 1
6263.4 4808.5 -13.9 60 0 22.1 31.1 5.0 0.0 0 1 2 5 5
6315.5 4843.6 -15.5 270 0 10.9 25.5 5.0 2.5 2 1 2 4 4
6195.5 4817.2 -13.3 89 0 36.0 27.0 5.0 0.0 0 0 2 3 3
6135.0 4844.6 -18.1 323 0 21.7 67.6 10.0 2.5 2 1 4 0 0
6071.1 4745.0 -16.9 14 0 40.4 60.5 7.5 0.0 0 1 3 0 0
6174.8 4739.8 -5.6 328 0 13.9 15.4 5.0 2.5 2 1 2 1 1
6064.5 4678.1 -10.1 78 0 8.8 23.4 5.0 2.5 2 1 2 3 3
6016.8 4641.8 -14.2 224 0 8.3 9.2 5.0 2.5 2 1 2 0 0
5994.4 4616.9 -15.9 225 0 10.0 10.8 2.5 2.5 2 1 1 1 1
6011.0 4636.0 -14.6 225 0 8.1 9.2 5.0 2.5 2 1 2 2 2
6006.0 4630.9 -14.9 225 0 6.3 9.1 5.0 2.5 2 1 2 1 1
5990.9 4608.8 -16.0 229 0 6.3 13.4 5.0 2.5 2 1 2 3 3
5987.7 4599.2 -15.7 227 0 8.9 7.7 17.5 0.0 0 0 7 2 2
5980.8 4587.5 -15.4 137 0 7.7 8.6 5.0 2.5 2 1 2 4 4
6022.7 4555.2 -12.0 43 0 18.0 9.2 5.0 2.5 2 0 2 2 2
6001.9 4540.4 -10.9 135 0 15.4 13.2 5.0 2.5 2 0 2 4 4
6060.6 4544.3 -11.2 314 0 18.0 23.2 5.0 0.0 0 1 2 2 2
6082.1 4470.8 -9.0 46 0 10.1 28.7 5.0 2.5 2 1 2 3 3
6297.6 4517.0 -0.9 313 0 22.9 79.7 10.0 0.0 0 1 4 2 2
6365.4 4470.1 7.6 351 0 18.5 9.2 5.0 2.5 2 0 2 1 1
6280.1 4391.1 -0.5 41 0 36.2 17.2 12.5 2.5 4 0 5 1 1
6676.4 4157.1 12.1 2 0 8.6 35.2 14.0 3.5 2 1 4 0 0
6756.5 4119.9 14.1 49 0 11.8 25.5 14.0 3.5 2 1 4 2 2
6848.3 3959.9 18.6 226 0 12.8 7.8 7.0 3.5 2 0 2 0 0
6817.6 3930.6 18.0 226 0 17.8 9.2 7.0 3.5 2 0 2 5 5
6830.0 3903.9 17.8 134 0 8.6 10.9 7.0 3.5 2 1 2 1 1
6954.0 3783.8 17.4 41 0 10.8 10.7 7.0 0.0 0 0 2 0 0
6892.6 3829.0 17.1 130 0 14.2 17.2 7.0 3.5 2 1 2 1 1
6889.4 3911.0 18.1 349 0 12.4 10.5 7.0 3.5 2 0 2 3 3
6916.2 3890.2 17.9 310 0 14.3 17.1 7.0 0.0 0 1 2 0 0
6905.5 3890.6 18.0 40 0 13.4 14.0 7.0 3.5 2 1 2 3 3
6924.7 3928.5 18.5 347 0 7.9 19.4 7.0 3.5 2 1 2 0 0
6881.1 3845.4 17.2 133 0 12.2 10.8 7.0 3.5 2 0 2 2 2
6871.5 3855.6 17.4 133 0 12.1 8.6 7.0 3.5 2 0 2 4 4
6127.8 622.1 -11.5 207 0 11.1 21.4 4.0 3.5 2 1 1 1 1
6917.0 812.4 -10.6 243 0 11.3 12.9 7.0 3.5 2 1 2 3 3
6751.0 733.9 -9.7 41 0 22.7 13.5 7.0 3.5 4 0 2 1 1
6667.8 614.7 -12.5 231 0 10.3 10.1 7.0 3.5 2 0 2 4 4
6712.1 746.4 -8.6 143 1 14.4 17.1 14.0 3.5 2 1 4 3 3
6522.9 606.3 -13.8 177 0 13.0 13.6 17.5 3.5 2 1 5 2 2
6420.4 942.8 -0.6 152 1 10.8 15.7 17.5 3.5 2 1 5 0 0
6408.3 911.1 -1.5 300 1 11.7 12.7 14.0 3.5 2 1 4 1 1
6356.7 973.1 1.7 298 0 15.1 13.1 7.0 3.5 2 0 2 4 4
6335.4 976.8 2.2 301 0 6.4 10.1 7.0 3.5 2 1 2 4 4
6348.8 952.6 1.8 37 0 7.5 9.7 7.0 3.5 2 1 2 0 0
6325.0 -1121.9 -6.9 272 1 11.0 14.8 17.5 3.5 2 0 5 3 3
6310.6 -1265.1 -7.0 88 1 17.6 11.0 17.5 3.5 2 0 5 5 5
6349.6 -1979.9 -10.0 273 1 15.5 10.1 17.5 3.5 2 0 5 5 5
6351.1 -1966.1 -10.0 275 1 15.0 10.4 17.5 3.5 4 0 5 0 0
6389.8 -1985.4 -9.6 272 1 10.8 13.9 17.5 0.0 0 0 5 3 3
6395.7 -2055.5 -9.4 2 1 15.7 12.8 17.5 3.5 2 0 5 3 3
6338.2 -2042.5 -10.0 184 1 13.9 14.9 17.5 3.5 2 0 5 4 4
6557.7 -3331.5 -9.0 94 0 26.6 14.7 12.5 2.5 2 0 5 0 0
6575.0 -3543.5 -10.8 265 0 7.8 13.5 10.5 3.5 2 1 3 3 3
6601.5 -3683.3 -8.7 350 0 11.6 14.9 5.0 2.5 2 1 2 1 1
6629.2 -3822.9 -6.9 349 0 10.6 12.2 5.0 2.5 2 1 2 1 1
6634.7 -3863.3 -6.7 352 0 11.2 10.1 10.5 3.5 2 0 3 1 1
6535.8 -3733.3 -9.3 349 0 10.6 12.8 10.5 3.5 2 1 3 2 2
6649.3 -4022.4 -9.2 260 0 14.5 16.4 10.5 3.5 2 1 3 4 4
6640.7 -3889.6 -7.4 355 0 8.5 12.9 10.5 3.5 2 1 3 5 5
6649.6 -3944.0 -8.4 352 0 19.2 13.2 10.5 3.5 2 0 3 0 0
6665.2 -4075.2 -9.3 75 0 12.3 18.0 10.5 3.5 2 1 3 2 2
6676.9 -4106.9 -9.1 67 0 12.3 12.0 10.5 3.5 2 0 3 2 2
6046.4 -1203.2 -11.7 267 1 16.0 14.9 14.0 3.5 2 0 4 2 2
6054.9 -1174.7 -11.1 356 0 7.0 13.1 10.5 3.5 2 1 3 1 1
6054.4 -1167.2 -11.1 356 0 8.0 15.6 10.5 3.5 2 1 3 5 5
6083.4 -1189.1 -10.4 174 1 11.0 12.5 17.5 3.5 2 0 5 5 5
6087.2 -1205.0 -10.1 173 1 11.4 10.2 17.5 3.5 2 0 5 5 5
6089.0 -1218.9 -10.1 173 1 11.0 11.1 17.5 3.5 2 0 5 0 0
6047.7 -1109.0 -11.8 355 0 7.0 11.5 10.5 3.5 2 1 3 1 1
6059.1 -1916.2 -15.5 333 1 10.2 13.1 14.0 3.5 2 1 4 5 5
6056.1 -1995.8 -15.0 6 1 11.9 14.8 14.0 3.5 4 1 4 5 5
6063.8 -1852.1 -14.5 356 1 10.6 14.7 14.0 3.5 2 1 4 2 2
6076.6 -2105.1 -16.1 281 0 14.7 18.5 14.0 3.5 2 1 4 0 0
6035.9 -2106.0 -16.6 2 1 13.0 15.0 14.0 3.5 2 1 4 1 1
6019.5 -2192.8 -17.2 271 0 10.7 8.1 10.5 3.5 4 0 3 0 0
5949.0 -2133.0 -18.3 181 0 19.7 25.1 14.0 3.5 2 1 4 0 0
5945.7 -2157.2 -20.3 272 0 35.5 19.4 14.0 0.0 0 0 4 0 0
5813.7 -1802.2 -16.9 268 1 17.6 13.3 14.0 3.5 2 0 4 4 4
5813.0 -1782.7 -16.9 91 1 16.1 14.0 14.0 3.5 2 0 4 2 2
5815.3 -1709.4 -16.6 273 1 13.7 12.7 14.0 3.5 4 0 4 3 3
5825.0 -1687.2 -15.8 92 1 19.9 11.3 14.0 3.5 2 0 4 3 3
5812.7 -1657.6 -16.1 182 0 22.5 14.1 14.0 0.0 0 0 4 4 4
5826.4 -1609.2 -15.6 274 1 16.8 12.6 14.0 3.5 2 0 4 5 5
5830.0 -864.7 -17.6 179 1 12.6 14.6 14.0 3.5 4 1 4 3 3
5827.6 -849.2 -17.2 178 1 11.8 13.8 14.0 3.5 2 1 4 2 2
5832.4 -810.6 -16.5 263 1 12.4 10.1 14.0 3.5 2 0 4 3 3
5941.2 -710.0 -14.6 263 0 10.4 7.9 10.5 3.5 4 0 3 2 2
5946.3 -785.7 -14.5 88 0 10.7 10.9 10.5 0.0 0 1 3 4 4
6739.5 1298.3 3.6 308 0 8.6 32.3 21.0 0.0 0 1 6 0 0
6343.4 -4322.3 -23.9 18 0 12.0 15.5 7.5 2.5 2 1 3 2 2
6319.6 -4356.9 -18.1 283 0 9.7 16.4 7.5 2.5 2 1 3 3 3
6305.3 -4377.5 -17.4 265 0 14.8 13.6 7.5 2.5 2 0 3 4 4
6306.1 -4406.5 -16.1 265 0 14.4 24.0 10.0 0.0 0 1 4 5 5
6317.1 -4437.1 -16.0 356 0 10.9 11.2 5.0 2.5 2 1 2 2 2
6324.1 -4453.4 -15.5 355 0 6.5 17.3 7.5 2.5 2 1 3 2 2
6326.9 -4464.2 -14.9 354 0 8.3 17.6 5.0 2.5 2 1 2 2 2
6329.0 -4489.3 -14.0 356 0 9.5 15.9 5.0 2.5 2 1 2 3 3
6327.5 -4499.2 -13.5 357 0 6.5 12.3 7.5 2.5 2 1 3 1 1
6330.2 -4521.3 -13.1 355 0 9.1 16.7 5.0 2.5 2 1 2 1 1
6334.7 -4540.0 -15.7 359 0 14.0 36.0 10.0 2.5 2 1 4 2 2
6298.1 -4554.4 -16.1 177 0 6.6 10.9 7.5 2.5 2 1 3 3 3
6298.5 -4560.9 -16.1 177 0 6.6 10.9 7.5 2.5 2 1 3 0 0
6296.9 -4576.1 -16.4 176 0 17.7 13.1 7.5 2.5 4 0 3 1 1
6295.8 -4601.6 -16.5 177 0 26.6 17.5 12.5 2.5 4 0 5 2 2
6316.2 -4616.6 -15.4 266 0 7.2 19.8 10.0 2.5 2 1 4 3 3
6335.2 -4613.5 -14.4 86 0 27.7 12.4 12.5 2.5 2 0 5 3 3
6384.4 -4630.9 -11.5 89 0 11.1 17.7 14.0 3.5 2 1 4 0 0
6371.0 -4593.0 -11.5 87 0 19.1 17.5 14.0 3.5 2 0 4 0 0
6444.0 -4299.4 -12.2 276 1 11.9 12.5 14.0 3.5 2 1 4 0 0
6467.1 -4657.9 -9.7 88 1 11.4 10.5 14.0 3.5 2 0 4 4 4
6415.8 -4685.9 -10.7 279 0 18.1 21.4 14.0 3.5 4 1 4 0 0
6385.5 -4742.0 -12.1 95 1 11.0 14.1 14.0 3.5 2 1 4 0 0
6406.8 -4743.2 -11.1 96 1 12.2 11.6 14.0 3.5 2 0 4 4 4
6446.1 -4747.8 -10.3 96 1 10.2 13.3 14.0 3.5 2 1 4 0 0
6460.2 -4718.6 -10.2 4 1 12.3 14.3 14.0 3.5 4 1 4 0 0
6318.9 -4767.5 -16.0 93 0 32.2 13.4 14.0 3.5 4 0 4 1 1
6332.6 -4742.3 -16.0 1 0 11.0 28.2 14.0 3.5 2 1 4 0 0
6340.0 -4714.9 -14.2 182 1 14.5 10.1 14.0 3.5 2 0 4 5 5
6335.6 -4724.8 -15.9 4 0 14.5 28.9 14.0 0.0 0 1 4 3 3
6326.5 -4707.0 -15.9 4 0 14.4 17.7 14.0 3.5 2 1 4 4 4
6325.5 -4681.6 -15.8 2 0 7.5 16.1 14.0 3.5 2 1 4 1 1
6443.5 -4770.3 -9.8 276 1 17.0 14.1 14.0 3.5 2 0 4 0 0
6368.1 -4831.4 -12.7 97 1 11.6 11.2 14.0 3.5 2 0 4 3 3
6276.6 -4836.5 -17.9 185 0 16.2 33.0 17.5 0.0 0 1 7 3 3
6348.6 -4924.4 -14.5 102 0 18.3 25.6 14.0 3.5 2 1 4 2 2
6363.0 -4971.1 -12.7 189 1 11.4 14.1 14.0 3.5 4 1 4 0 0
6363.1 -5033.8 -13.3 279 0 21.1 40.9 14.0 3.5 2 1 4 3 3
6313.0 -5100.4 -15.1 7 0 17.8 18.6 7.5 2.5 4 1 3 1 1
6308.9 -5121.8 -15.2 9 0 13.8 19.3 10.0 2.5 2 1 4 3 3
6270.3 -5089.1 -17.2 257 0 20.0 7.6 5.0 2.5 2 0 2 4 4
6275.8 -5122.4 -16.0 97 0 7.5 7.1 7.5 2.5 2 0 3 0 0
6261.5 -5125.9 -16.6 90 0 6.9 8.8 5.0 2.5 2 1 2 4 4
6420.5 -5181.2 -13.0 4 0 12.3 15.2 5.0 2.5 2 1 2 0 0
6397.0 -5181.8 -13.8 10 0 7.5 28.0 7.5 2.5 4 1 3 4 4
6326.7 -5209.5 -14.4 55 0 6.4 20.5 7.5 2.5 2 1 3 0 0
6295.8 -5189.7 -14.7 279 0 18.0 12.3 5.0 2.5 2 0 2 5 5
6277.2 -5155.7 -15.3 270 0 8.7 9.8 5.0 2.5 2 1 2 5 5
6254.4 -5154.7 -15.7 265 0 6.1 12.3 5.0 2.5 2 1 2 2 2
6247.3 -5199.1 -15.1 154 0 12.1 16.3 2.5 0.0 0 1 1 3 3
6197.5 -5214.9 -16.7 116 0 11.9 19.1 5.0 0.0 0 1 2 0 0
6221.7 -5166.2 -16.1 250 0 16.4 12.3 5.0 2.5 4 0 2 1 1
6193.9 -5224.6 -17.6 290 0 8.6 14.6 7.5 2.5 2 1 3 4 4
6171.8 -5270.5 -18.3 183 0 30.5 42.8 7.5 0.0 0 1 3 0 0
6159.2 -5322.9 -20.6 186 0 12.4 10.4 7.5 2.5 2 0 3 5 5
6196.2 -5398.8 -19.3 156 0 16.4 8.2 7.5 2.5 2 0 3 0 0
6203.5 -5418.2 -19.0 156 0 16.1 11.9 5.0 2.5 2 0 2 2 2
6794.5 -5235.3 -11.4 86 0 19.5 24.7 10.5 3.5 2 1 3 5 5
6225.2 -5483.3 -18.7 173 0 15.3 12.7 5.0 2.5 2 0 2 0 0
6230.7 -5521.2 -18.3 175 0 23.6 10.3 5.0 2.5 2 0 2 3 3
6243.7 -5581.3 -17.3 211 0 13.5 18.9 7.5 2.5 2 1 3 0 0
6219.1 -5703.7 -18.2 204 0 7.0 11.8 2.5 2.5 2 1 1 1 1
6226.5 -5723.1 -18.4 118 0 11.4 8.2 5.0 2.5 2 0 2 4 4
6219.6 -5743.1 -18.9 118 0 19.2 12.3 5.0 2.5 2 0 2 0 0
6221.4 -5755.3 -19.5 299 0 7.4 9.3 5.0 2.5 2 1 2 3 3
6153.7 -5826.6 -21.7 224 0 14.2 19.0 12.5 2.5 2 1 5 3 3
6151.9 -5872.0 -22.1 268 0 10.3 14.8 7.5 2.5 2 1 3 0 0
6146.7 -5896.0 -22.2 174 0 10.2 11.3 7.5 2.5 2 1 3 1 1
6157.3 -5923.3 -22.1 161 0 9.1 9.6 5.0 2.5 2 1 2 0 0
6171.0 -5943.6 -22.8 69 0 11.7 14.2 5.0 2.5 2 1 2 3 3
6188.4 -5959.1 -22.1 241 0 6.1 14.4 10.0 2.5 2 1 4 5 5
6245.4 -6041.5 -23.1 326 0 18.3 25.3 10.0 0.0 0 1 4 1 1
6339.7 -6090.1 -22.8 326 0 39.6 41.4 10.0 0.0 0 1 4 2 2
6325.1 -6068.6 -20.9 326 0 12.4 41.4 10.0 2.5 2 1 4 0 0
6350.2 -6152.4 -23.9 144 0 21.7 28.6 12.5 0.0 0 1 5 0 0
6389.7 -6126.0 -23.0 145 0 17.5 20.0 15.0 0.0 0 1 6 2 2
6421.2 -6098.5 -22.5 325 0 10.6 20.6 10.0 2.5 2 1 4 2 2
6588.5 -6434.4 -26.7 145 0 20.0 14.3 10.0 2.5 2 0 4 4 4
6570.7 -6402.1 -26.8 146 0 23.1 11.1 10.0 2.5 2 0 4 2 2
6858.2 -7602.4 -30.8 39 0 23.1 17.1 12.5 0.0 0 0 5 3 3
6823.2 -5368.3 -17.3 301 0 50.4 18.9 14.0 3.5 2 0 4 2 2
6770.9 -5329.4 -14.3 356 0 13.5 24.4 14.0 3.5 2 1 4 1 1
6829.4 -5292.2 -13.2 29 0 20.2 17.8 10.5 3.5 2 0 3 3 3
6787.5 -5128.6 -10.0 305 0 12.3 16.0 10.5 3.5 2 1 3 1 1
6781.9 -5173.3 -10.6 175 0 14.0 13.4 10.5 3.5 2 0 3 0 0
6781.7 -5197.3 -11.0 176 0 16.1 9.8 10.5 0.0 0 0 3 5 5
6739.9 -5058.5 -8.4 221 0 8.4 10.3 10.5 3.5 2 1 3 1 1
6714.1 -4959.7 -7.8 88 0 19.1 20.3 10.5 0.0 0 1 3 0 0
6683.6 -4971.0 -7.9 87 0 18.9 31.5 10.5 3.5 4 1 3 0 0
6467.3 -5243.7 -13.0 291 0 10.3 13.7 5.0 2.5 2 1 2 4 4
6482.5 -5250.9 -12.9 295 0 16.6 15.3 7.5 2.5 2 0 3 3 3
6452.7 -5240.0 -13.1 290 0 14.1 14.2 5.0 2.5 2 1 2 1 1
6513.3 -5178.7 -10.7 303 0 10.2 21.4 14.0 3.5 2 1 4 2 2
6534.7 -5202.6 -10.8 341 1 14.6 12.5 14.0 3.5 2 0 4 4 4
6470.7 -5112.0 -11.9 296 1 11.7 13.3 14.0 3.5 2 1 4 4 4
6546.6 -5147.6 -10.0 136 0 18.0 30.3 14.0 0.0 0 1 4 5 5
6602.7 -5216.6 -11.7 125 0 21.9 75.3 14.0 0.0 0 1 4 2 2
6654.5 -5229.3 -12.5 176 0 14.6 11.1 14.0 3.5 2 0 4 3 3
6645.3 -5237.6 -12.2 264 0 19.3 7.3 14.0 3.5 2 0 4 3 3
6506.4 -5124.7 -10.9 283 1 10.3 13.9 14.0 3.5 2 1 4 5 5
6532.7 -5143.1 -10.3 98 1 10.0 13.4 14.0 3.5 2 1 4 3 3
6451.3 -5147.8 -11.5 209 0 12.0 21.3 14.0 3.5 2 1 4 4 4
6474.5 -5167.3 -11.2 197 0 17.7 15.9 14.0 3.5 2 0 4 2 2
6585.5 -5080.0 -10.1 277 0 12.8 29.2 10.5 3.5 2 1 3 3 3
6642.9 -5098.2 -9.4 334 0 10.3 21.5 10.5 3.5 2 1 3 0 0
6647.5 -5073.3 -8.6 98 0 11.2 11.9 10.5 0.0 0 1 3 1 1
6646.9 -5061.2 -8.5 96 0 6.4 10.9 10.5 3.5 2 1 3 0 0
6443.6 -4923.7 -10.3 6 0 20.0 14.7 14.0 3.5 4 0 4 4 4
6239.1 -3811.5 -18.3 260 0 16.3 14.8 12.5 2.5 4 0 5 0 0
6238.2 -3806.8 -17.3 80 0 16.8 13.7 15.0 0.0 0 0 6 2 2
6205.8 -3683.0 -18.8 256 0 15.5 17.5 10.0 2.5 4 1 4 1 1
6246.1 -3645.8 -14.5 76 0 23.4 11.3 10.0 2.5 2 0 4 5 5
6319.4 -3636.7 -11.7 76 0 10.3 15.9 5.0 2.5 2 1 2 1 1
6357.6 -3629.7 -11.5 77 0 16.0 13.0 5.0 2.5 2 0 2 4 4
6198.3 -3572.2 -17.8 83 0 10.6 13.2 7.5 2.5 2 1 3 3 3
6209.6 -3401.6 -18.8 172 0 7.8 14.8 7.5 2.5 2 1 3 1 1
6221.4 -3280.6 -21.3 259 0 9.4 12.9 10.5 3.5 2 1 3 3 3
6254.2 -3276.8 -19.1 260 0 8.7 13.7 10.5 3.5 2 1 3 2 2
6266.5 -3274.7 -18.4 259 0 9.0 12.8 10.5 3.5 2 1 3 3 3
6289.1 -3264.6 -17.3 257 0 12.4 15.9 10.5 3.5 2 1 3 3 3
6309.3 -3358.8 -14.3 77 0 9.6 14.3 10.5 3.5 2 1 3 3 3
6230.9 -3372.1 -20.0 74 0 15.4 12.1 10.5 3.5 2 0 3 1 1
6234.0 -3258.3 -20.6 82 0 15.8 8.2 10.5 3.5 2 0 3 0 0
6232.7 -3250.2 -20.5 81 0 16.2 7.3 10.5 3.5 2 0 3 2 2
6246.8 -3250.7 -19.7 78 0 7.4 15.1 10.5 3.5 2 1 3 4 4
6256.5 -3250.3 -19.4 78 0 9.7 17.2 10.5 3.5 2 1 3 0 0
6270.1 -3249.6 -18.8 79 0 11.4 21.6 10.5 3.5 2 1 3 4 4
6293.2 -3243.0 -17.6 77 0 12.1 18.5 10.5 3.5 2 1 3 1 1
6309.8 -3238.3 -16.7 75 0 8.5 14.8 10.5 3.5 2 1 3 1 1
6331.3 -3223.5 -16.0 345 0 12.9 10.6 10.5 3.5 2 0 3 5 5
6260.5 -2962.7 -14.1 257 1 13.5 10.3 14.0 3.5 2 0 4 3 3
6225.4 -2968.2 -15.4 257 1 13.0 11.5 14.0 3.5 4 0 4 0 0
6214.9 -2954.4 -15.6 78 0 17.4 21.6 14.0 3.5 2 1 4 0 0
6241.1 -2948.1 -14.6 79 0 14.8 19.5 14.0 3.5 2 1 4 0 0
6265.0 -2898.6 -14.0 350 0 13.5 19.5 14.0 3.5 2 1 4 2 2
6105.7 -2916.5 -20.3 241 0 18.5 16.8 14.0 3.5 2 0 4 3 3
6107.0 -2784.7 -15.8 2 1 11.3 14.3 14.0 3.5 2 1 4 3 3
6112.1 -2801.2 -16.7 346 1 13.2 12.2 14.0 3.5 2 0 4 3 3
6118.3 -2819.6 -17.6 347 1 13.6 13.1 14.0 3.5 2 0 4 0 0
6131.4 -2891.4 -18.6 67 1 12.2 11.4 14.0 3.5 4 0 4 2 2
6216.0 -2711.4 -13.4 255 0 11.1 16.0 14.0 3.5 2 1 4 2 2
5938.2 -2802.1 -18.3 9 0 17.1 60.6 10.5 0.0 0 1 3 5 5
5821.5 -2698.5 -14.3 15 0 12.8 7.2 10.5 3.5 2 0 3 4 4
5958.4 -2491.1 -17.0 11 0 12.3 43.3 10.5 3.5 2 1 3 0 0
5932.0 -2462.8 -17.7 104 0 33.5 11.3 14.0 3.5 2 0 4 0 0
5986.7 -2465.5 -13.0 106 0 24.7 13.8 14.0 3.5 2 0 4 0 0
6044.7 -2466.7 -11.0 346 1 16.1 12.8 14.0 3.5 2 0 4 0 0
6014.0 -2347.4 -12.3 346 1 19.8 12.5 14.0 3.5 2 0 4 3 3
5899.9 -2252.0 -20.2 268 0 14.9 16.1 14.0 3.5 2 1 4 4 4
5935.6 -2252.6 -16.3 270 0 11.7 14.8 14.0 3.5 2 1 4 3 3
5821.4 -1583.1 -15.8 94 1 11.7 17.7 14.0 3.5 4 1 4 5 5
5830.3 -1506.1 -15.5 272 1 14.2 10.8 14.0 3.5 4 0 4 3 3
5825.5 -1482.1 -16.0 92 0 17.4 10.5 10.5 3.5 2 0 3 0 0
5829.1 -1396.8 -15.7 274 0 13.7 9.5 10.5 3.5 2 0 3 2 2
5831.6 -1366.1 -15.2 94 0 13.0 14.3 10.5 3.5 2 1 3 0 0
5835.3 -1279.0 -15.2 272 0 9.8 29.8 10.5 3.5 2 1 3 0 0
5834.3 -1260.2 -16.7 92 1 18.1 10.9 14.0 3.5 2 0 4 5 5
5834.0 -1202.7 -15.8 269 1 12.5 10.1 14.0 3.5 2 0 4 5 5
5832.5 -1117.8 -15.6 271 0 10.7 18.2 10.5 3.5 2 1 3 2 2
5949.7 -896.9 -15.1 4 0 12.7 24.7 14.0 3.5 2 1 4 4 4
5915.1 -999.8 -14.5 185 1 11.5 18.8 14.0 3.5 2 1 4 1 1
5878.6 -1033.5 -15.6 264 0 27.9 9.1 14.0 3.5 4 0 4 4 4
5830.9 -468.2 -12.5 57 1 16.4 10.8 17.5 3.5 2 0 5 4 4
5760.1 -445.4 -14.6 240 0 18.5 8.8 17.5 3.5 2 0 5 0 0
5732.5 -153.7 -16.2 317 0 9.8 7.6 14.0 3.5 2 0 4 5 5
5498.7 4182.0 -13.5 215 1 11.7 14.8 14.0 3.5 4 1 4 4 4
5507.7 4191.8 -13.0 217 0 11.8 24.1 14.0 3.5 4 1 4 5 5
5520.6 4237.2 -13.3 274 1 10.5 14.3 14.0 3.5 2 1 4 5 5
5538.2 4287.3 -11.2 129 0 14.7 40.9 14.0 3.5 2 1 4 5 5
5572.3 4337.0 -9.1 129 1 19.0 12.8 14.0 3.5 2 0 4 5 5
5593.6 4439.7 -10.2 219 0 16.4 25.0 14.0 3.5 2 1 4 2 2
5606.8 4467.1 -10.7 128 1 11.3 17.7 14.0 3.5 4 1 4 4 4
5759.7 4301.0 -4.4 40 1 20.4 10.0 14.0 3.5 2 0 4 0 0
5740.7 4326.6 -5.0 309 1 12.8 11.1 14.0 3.5 2 0 4 2 2
5686.5 4208.9 -6.2 40 1 11.0 12.3 14.0 3.5 2 1 4 1 1
5650.7 4231.5 -5.9 221 0 14.3 19.3 14.0 3.5 2 1 4 5 5
5598.9 4278.5 -8.5 35 1 13.7 13.2 14.0 3.5 2 0 4 5 5
6194.0 4092.4 8.6 316 1 10.8 17.7 14.0 3.5 2 1 4 0 0
6122.8 4142.8 7.2 224 1 10.4 11.8 14.0 0.0 0 1 4 2 2
6171.0 4113.3 8.4 311 1 11.3 11.1 14.0 3.5 2 0 4 1 1
6158.7 4168.1 6.4 38 1 10.8 12.8 14.0 3.5 2 1 4 0 0
6236.3 4108.2 8.7 47 1 13.5 15.0 14.0 3.5 2 1 4 2 2
6257.4 4105.1 9.5 223 1 10.2 12.3 14.0 3.5 2 1 4 4 4
6235.9 4083.0 10.3 221 1 11.1 14.0 14.0 3.5 2 1 4 4 4
6340.5 3925.9 11.9 42 1 19.2 11.4 14.0 3.5 2 0 4 4 4
6334.6 3952.7 11.4 44 0 9.3 31.8 14.0 3.5 2 1 4 0 0
6265.9 3780.4 12.2 131 1 13.0 13.0 14.0 3.5 2 0 4 4 4
6252.9 3792.8 12.0 130 1 13.0 11.0 14.0 3.5 2 0 4 2 2
6262.1 3901.7 11.5 327 1 14.0 13.0 14.0 3.5 2 0 4 5 5
6227.7 3883.2 11.4 236 1 10.7 11.4 14.0 3.5 4 1 4 4 4
6124.9 3915.0 9.0 216 0 6.9 13.4 14.0 3.5 4 1 4 3 3
6019.0 3983.5 4.4 128 1 11.1 14.7 14.0 3.5 4 1 4 3 3
6256.4 3754.6 11.3 318 1 12.1 10.0 14.0 3.5 2 0 4 4 4
6225.5 3697.2 11.0 13 0 26.5 8.9 14.0 3.5 2 0 4 4 4
6229.3 3683.6 11.8 193 0 10.1 28.2 14.0 3.5 2 1 4 3 3
6260.8 3695.7 12.2 14 0 14.4 13.9 14.0 3.5 2 0 4 5 5
6229.5 3560.9 11.6 123 1 10.2 12.9 14.0 3.5 2 1 4 1 1
6324.5 3458.4 12.5 208 1 11.3 10.7 14.0 3.5 2 0 4 5 5
6121.2 3442.8 7.9 32 0 7.6 9.4 10.5 3.5 2 1 3 0 0
6142.5 3469.5 8.9 33 0 7.7 8.5 10.5 3.5 2 1 3 1 1
6080.7 3386.0 5.3 31 0 6.9 24.8 10.5 3.5 2 1 3 3 3
6216.1 3305.9 8.1 166 0 14.9 19.8 14.0 3.5 2 1 4 4 4
6326.4 3027.8 16.3 182 1 17.8 12.4 14.0 3.5 2 0 4 3 3
6396.3 2830.6 16.0 142 0 11.4 19.7 14.0 3.5 2 1 4 5 5
6408.7 2793.1 16.2 157 1 11.2 12.6 14.0 3.5 2 1 4 0 0
6434.6 3093.7 15.8 294 1 11.9 12.4 14.0 0.0 0 1 4 3 3
6348.1 2790.7 16.4 226 0 11.5 10.0 10.5 3.5 2 0 3 3 3
6359.0 2762.7 16.1 44 0 13.7 27.4 10.5 3.5 4 1 3 4 4
6346.5 2749.6 16.0 43 0 22.5 26.0 10.5 3.5 2 1 3 4 4
6332.5 2739.0 15.9 42 0 10.6 22.8 10.5 0.0 0 1 3 5 5
5893.4 2910.0 3.1 199 1 11.6 14.4 14.0 3.5 2 1 4 2 2
5918.0 2922.7 3.8 290 1 15.0 12.7 14.0 3.5 2 0 4 0 0
5887.7 2880.3 3.1 198 1 10.1 10.0 14.0 3.5 2 0 4 3 3
5890.2 2893.6 3.0 200 1 10.8 12.1 14.0 3.5 2 1 4 3 3
5853.6 2954.4 2.3 19 1 11.5 14.8 14.0 3.5 2 1 4 0 0
5921.3 3125.1 4.5 24 1 12.2 11.1 14.0 3.5 2 0 4 1 1
5982.0 3265.8 5.1 295 1 10.9 11.6 14.0 3.5 2 1 4 1 1
5950.9 3188.5 5.0 27 1 11.0 11.0 14.0 3.5 2 1 4 3 3
5179.0 2161.9 -9.8 7 0 10.7 15.4 10.5 3.5 2 1 3 2 2
5145.9 2165.0 -10.6 91 0 14.0 11.8 10.5 3.5 2 0 3 0 0
5179.6 2180.0 -9.9 7 0 10.1 13.2 10.5 3.5 2 1 3 3 3
5139.6 2280.3 -10.8 187 0 11.4 13.5 10.5 3.5 2 1 3 3 3
5139.2 2295.1 -10.9 193 0 11.5 16.4 10.5 3.5 2 1 3 4 4
5144.2 2308.4 -10.8 193 0 11.8 27.0 10.5 3.5 2 1 3 2 2
5190.0 2235.5 -9.4 8 0 11.0 15.8 10.5 3.5 2 1 3 1 1
5187.0 2254.1 -9.4 6 0 17.2 11.7 10.5 3.5 2 0 3 1 1
5188.7 2270.2 -9.3 6 0 15.3 9.7 10.5 3.5 2 0 3 1 1
5174.7 2334.9 -9.7 102 1 12.3 12.1 14.0 3.5 2 0 4 2 2
5157.7 2337.0 -10.6 102 1 15.4 13.5 14.0 3.5 2 0 4 3 3
5157.2 2377.0 -10.6 192 0 19.3 16.2 14.0 3.5 2 0 4 1 1
5209.2 2373.6 -8.8 11 0 18.2 14.7 14.0 3.5 2 0 4 1 1
5223.0 2431.5 -10.3 11 0 14.7 52.9 14.0 3.5 2 1 4 5 5
5234.6 2415.6 -8.8 191 0 22.1 13.1 14.0 3.5 4 0 4 5 5
5196.2 2607.6 -6.1 191 0 17.7 20.7 14.0 3.5 2 1 4 4 4
5228.6 2632.1 -5.4 289 0 35.3 19.9 14.0 0.0 0 0 4 5 5
5252.2 2618.7 -4.7 293 1 12.0 10.1 14.0 3.5 4 0 4 4 4
5240.5 2678.2 -4.5 292 0 22.4 25.5 14.0 3.5 2 1 4 4 4
5231.9 2692.2 -4.8 12 0 12.1 9.6 10.5 3.5 2 0 3 2 2
5248.1 2778.2 -6.0 283 1 16.6 10.4 14.0 3.5 2 0 4 4 4
5256.6 2823.8 -7.9 102 1 20.0 10.6 14.0 3.5 2 0 4 4 4
5260.4 2888.1 -9.9 194 0 14.2 23.2 14.0 3.5 4 1 4 0 0
5705.8 2303.8 -0.3 106 1 10.5 10.1 17.5 3.5 2 0 5 4 4
5731.6 2249.7 1.8 190 1 12.0 13.0 14.0 3.5 4 1 4 3 3
5690.9 2280.5 0.4 283 1 12.5 10.5 14.0 3.5 2 0 4 0 0
5679.2 2317.7 -1.0 104 1 12.4 14.3 17.5 3.5 2 1 5 0 0
5582.9 2354.3 -2.9 109 1 12.6 12.3 17.5 3.5 2 0 5 5 5
5548.9 2317.3 -2.5 17 1 13.3 11.6 17.5 0.0 0 0 5 2 2
5439.6 2395.0 -5.9 107 1 11.5 13.1 17.5 3.5 2 1 5 1 1
5420.3 2361.8 -5.6 197 1 10.1 13.6 17.5 3.5 2 1 5 3 3
5410.2 2419.7 -7.5 16 0 6.2 19.5 14.0 3.5 2 1 4 5 5
5762.5 2350.9 -0.0 202 1 10.0 18.4 17.5 3.5 2 1 5 1 1
5745.0 2293.6 0.2 114 0 13.3 6.7 17.5 3.5 2 0 5 0 0
6033.1 2181.2 8.6 78 1 10.7 11.6 17.5 3.5 2 1 5 1 1
5998.7 2207.4 8.4 315 1 11.0 14.4 17.5 3.5 2 1 5 3 3
6065.1 2126.4 9.6 201 0 6.2 9.5 7.0 3.5 2 1 2 0 0
6178.0 2434.7 12.2 289 1 11.0 14.2 14.0 3.5 2 1 4 4 4
6027.5 2019.6 9.6 113 0 10.8 9.4 7.0 3.5 4 0 2 3 3
6023.2 2006.8 9.7 296 0 16.0 6.4 7.0 3.5 2 0 2 4 4
5953.6 1815.9 10.1 17 0 6.6 26.6 7.0 3.5 4 1 2 1 1
5956.3 1692.5 6.6 354 0 10.9 37.4 14.0 3.5 2 1 4 0 0
5955.8 1513.5 -7.7 152 0 7.8 10.3 7.0 0.0 0 1 2 0 0
5931.4 1501.0 -7.9 15 0 10.7 9.9 7.0 3.5 2 0 2 3 3
5905.7 1475.0 -9.1 326 0 10.0 10.4 3.5 3.5 2 1 1 0 0
5764.6 1394.0 -8.1 200 0 12.1 7.1 3.5 3.5 2 0 1 1 1
5793.3 1464.3 -4.6 204 1 10.2 11.1 17.5 0.0 0 1 5 5 5
5778.3 1482.0 -1.7 24 1 10.6 13.6 14.0 3.5 2 1 4 5 5
5759.7 1502.0 0.0 297 1 13.2 10.8 14.0 3.5 2 0 4 5 5
5567.1 1564.6 6.1 109 0 24.5 25.1 14.0 0.0 0 1 4 0 0
5511.5 1559.0 3.6 95 0 24.0 11.1 17.5 3.5 2 0 5 5 5
5526.3 1471.1 3.6 296 0 21.0 15.6 7.0 3.5 2 0 2 5 5
5446.3 1278.1 0.8 315 0 9.8 12.1 17.5 3.5 4 1 5 5 5
5396.4 1214.7 -0.1 124 0 8.2 6.1 17.5 3.5 2 0 5 2 2
5392.1 1207.5 -0.3 303 0 9.0 6.1 14.0 3.5 2 0 4 0 0
5320.3 1161.9 -0.7 285 0 16.7 9.1 17.5 3.5 2 0 5 4 4
5319.4 1123.7 -1.3 12 0 6.8 10.6 17.5 3.5 4 1 5 0 0
5294.1 1083.7 -2.2 192 0 7.6 16.4 17.5 3.5 2 1 5 1 1
5293.4 1030.3 -3.0 100 0 6.5 13.2 14.0 3.5 2 1 4 2 2
5291.8 992.2 -2.8 10 0 12.1 8.0 17.5 3.5 2 0 5 5 5
5163.0 920.7 -6.1 228 0 18.0 41.0 14.0 3.5 2 1 4 5 5
5192.6 844.9 -7.0 309 0 35.5 18.0 17.5 0.0 0 0 5 4 4
5164.5 798.6 -7.3 92 0 7.7 22.6 17.5 0.0 0 1 5 4 4
5123.5 912.1 -5.6 344 0 28.6 22.7 14.0 0.0 0 0 4 4 4
5172.0 862.1 -6.5 308 0 6.3 18.6 17.5 0.0 0 1 5 4 4
5265.0 578.4 -17.8 29 0 18.9 60.0 17.5 0.0 0 1 5 4 4
5287.5 677.9 -16.3 198 1 11.4 11.0 17.5 3.5 2 0 5 4 4
5486.6 884.9 -18.9 123 1 13.2 10.0 17.5 3.5 2 0 5 3 3
5547.9 935.5 -18.7 211 0 14.1 11.3 17.5 3.5 2 0 5 1 1
5689.6 832.7 -12.7 302 0 16.1 21.6 17.5 3.5 2 1 5 0 0
5753.6 790.6 -7.9 302 0 16.7 40.5 17.5 3.5 2 1 5 0 0
5856.5 754.3 -3.0 207 1 13.4 13.5 17.5 3.5 2 1 5 3 3
6392.9 618.6 -14.9 91 0 33.7 12.0 17.5 3.5 2 0 5 0 0
6412.7 590.7 -16.1 188 1 12.1 12.0 17.5 3.5 2 0 5 5 5
6949.2 825.4 -10.8 246 0 10.7 9.6 7.0 3.5 2 0 2 4 4
6768.9 18.1 -20.6 196 0 30.2 37.3 14.0 3.5 4 1 4 4 4
6860.2 -4311.0 -4.5 228 0 6.6 7.1 10.5 3.5 2 1 3 5 5
6840.2 -4285.9 -5.3 47 0 9.3 6.7 10.5 3.5 2 0 3 4 4
6776.8 -4188.8 -6.8 57 0 9.5 10.0 10.5 3.5 2 1 3 2 2
6725.8 -4100.2 -7.8 70 0 11.7 11.0 10.5 0.0 0 0 3 5 5
6689.3 -3997.0 -8.0 256 0 9.8 10.1 10.5 0.0 0 1 3 4 4
6656.9 -3261.2 -8.8 86 0 35.3 19.1 14.0 3.5 2 0 4 0 0
6614.1 -3314.9 -8.2 274 0 11.6 13.2 5.0 2.5 4 1 2 0 0
6603.9 -3097.0 -8.1 81 1 10.4 11.4 14.0 3.5 2 1 4 4 4
6549.4 -3054.6 -10.0 24 0 13.0 19.0 5.0 2.5 2 1 2 3 3
6523.4 -2966.6 -10.4 78 1 12.6 15.4 14.0 0.0 0 1 4 2 2
6578.1 -3027.5 -8.3 169 1 10.6 13.4 14.0 3.5 2 1 4 2 2
6499.1 -2812.9 -12.9 354 1 11.1 10.3 14.0 0.0 0 0 4 4 4
6489.3 -2547.3 -9.2 247 1 10.9 10.5 14.0 3.5 2 0 4 1 1
6571.6 -2636.9 -10.7 348 0 13.3 44.3 14.0 0.0 0 1 4 1 1
6414.5 -2517.0 -9.6 67 1 12.7 15.7 17.5 3.5 4 1 5 0 0
6334.1 -2157.4 -13.0 182 1 10.4 10.5 17.5 3.5 2 1 5 3 3
6380.9 -1649.0 -8.0 184 0 20.7 8.7 17.5 3.5 2 0 5 2 2
6430.8 -1680.1 -8.5 90 1 11.5 10.6 17.5 3.5 2 0 5 4 4
6423.9 -1483.8 -8.3 185 1 12.4 10.4 17.5 3.5 2 0 5 4 4
6387.7 -1491.9 -8.5 273 0 15.5 21.3 17.5 3.5 4 1 5 5 5
6387.4 -1573.5 -7.3 273 1 11.2 10.1 17.5 3.5 2 0 5 1 1
5996.9 -668.8 -13.3 137 1 12.4 10.7 17.5 3.5 2 0 5 4 4
5896.8 -610.9 -13.8 255 0 17.8 18.4 14.0 3.5 2 1 4 3 3
5987.9 -706.6 -13.8 158 1 17.1 10.8 17.5 3.5 2 0 5 4 4
5977.4 -710.9 -14.1 347 0 10.4 7.5 10.5 3.5 2 0 3 2 2
5969.5 -751.9 -14.3 174 0 8.0 6.7 10.5 0.0 0 0 3 3 3
6007.4 -800.5 -14.3 350 0 8.8 10.7 10.5 3.5 2 1 3 0 0
5970.7 -808.5 -14.4 179 0 16.1 8.5 10.5 3.5 4 0 3 4 4
6009.9 -833.1 -14.2 347 0 11.4 8.0 10.5 3.5 2 0 3 1 1
5949.1 -860.4 -14.8 356 1 10.4 13.4 14.0 3.5 2 1 4 0 0
5969.5 -864.5 -14.4 181 0 6.0 11.5 10.5 3.5 4 1 3 0 0
5980.0 -905.0 -14.0 93 0 10.3 6.4 10.5 3.5 2 0 3 2 2
6025.7 -908.8 -13.2 349 0 7.7 9.0 10.5 3.5 2 1 3 4 4
6070.5 -1090.7 -11.5 173 1 11.2 12.0 17.5 3.5 2 1 5 0 0
6099.2 -1318.7 -10.3 86 0 17.2 15.3 10.5 3.5 4 0 3 3 3
6059.2 -1294.4 -10.6 271 0 12.2 16.3 10.5 3.5 2 1 3 3 3
6076.6 -1387.1 -9.6 1 0 11.5 14.2 10.5 3.5 2 1 3 2 2
6061.6 -1506.0 -10.5 93 0 19.6 15.6 10.5 3.5 2 0 3 3 3
6043.7 -1701.3 -13.4 95 1 11.8 14.0 14.0 3.5 2 1 4 5 5
6046.0 -1724.7 -14.1 273 1 10.8 13.4 14.0 3.5 2 1 4 0 0
6090.0 -1849.4 -13.8 180 1 13.0 13.5 17.5 3.5 2 1 5 1 1
6089.3 -1956.5 -13.8 181 1 10.0 11.2 17.5 3.5 2 1 5 1 1
6000.9 -2224.3 -16.0 272 0 6.8 8.7 10.5 0.0 0 1 3 3 3
6044.0 -2332.5 -11.9 256 0 11.8 8.5 10.5 3.5 4 0 3 4 4
6059.3 -2401.7 -10.4 76 0 12.2 10.7 10.5 3.5 2 0 3 0 0
6022.0 -2426.0 -11.3 77 1 14.0 10.9 14.0 0.0 0 0 4 2 2
6038.2 -2492.5 -11.3 256 0 11.7 7.4 10.5 3.5 2 0 3 4 4
6055.0 -2547.4 -11.2 346 0 9.3 14.3 10.5 3.5 2 1 3 3 3
6080.2 -2646.8 -11.6 346 0 11.2 12.9 10.5 0.0 0 1 3 0 0
6066.0 -2605.9 -11.2 349 0 9.4 20.5 10.5 3.5 4 1 3 5 5
6133.7 -2754.8 -14.7 167 1 13.1 16.2 14.0 3.5 2 1 4 5 5
6168.0 -2875.8 -16.6 78 0 11.9 24.3 14.0 3.5 2 1 4 0 0
6681.9 -4827.5 -7.0 86 0 12.2 45.0 10.5 3.5 2 1 3 1 1
6523.3 -4286.3 -10.9 268 0 6.3 9.8 10.5 3.5 2 1 3 4 4
6474.4 -4265.9 -12.8 91 0 9.7 9.3 10.5 3.5 2 0 3 3 3
6502.6 -4292.4 -10.9 178 0 10.2 13.5 10.5 3.5 2 1 3 5 5
6412.9 -4773.3 -11.0 289 1 11.5 12.8 14.0 3.5 2 1 4 4 4
6519.9 -4646.1 -8.7 274 1 10.9 11.5 14.0 3.5 2 1 4 2 2
6543.9 -4619.5 -8.2 88 1 13.0 14.8 14.0 3.5 2 1 4 1 1
6579.2 -4656.4 -7.7 358 1 12.9 15.0 14.0 3.5 2 1 4 4 4
6581.4 -4694.9 -7.9 360 0 23.5 22.5 14.0 3.5 2 0 4 5 5
6601.5 -4640.5 -8.2 269 0 13.1 8.0 10.5 3.5 2 0 3 3 3
6610.6 -5034.5 -7.7 179 0 7.6 10.9 10.5 3.5 2 1 3 4 4
6602.8 -5025.3 -7.6 179 0 7.0 17.9 10.5 3.5 2 1 3 4 4
6925.7 -4891.6 -5.9 323 0 18.7 6.2 14.0 0.0 0 0 4 1 1
6855.5 -4914.1 -6.6 55 0 8.8 13.2 14.0 3.5 2 1 4 3 3
6826.1 -4956.9 -7.9 232 0 19.6 30.2 14.0 3.5 2 1 4 5 5
6845.0 -4942.4 -7.4 234 0 9.5 18.6 14.0 3.5 2 1 4 3 3
6851.5 -4937.8 -7.3 235 0 6.6 18.2 14.0 3.5 2 1 4 4 4
6837.5 -4948.0 -7.6 232 0 9.3 26.1 14.0 3.5 4 1 4 5 5
6756.3 -5011.6 -7.8 194 0 13.4 9.5 10.5 3.5 2 0 3 3 3
6864.7 -4906.6 -6.3 55 0 6.3 12.3 14.0 3.5 4 1 4 5 5
6819.5 -4933.5 -7.0 53 0 6.2 9.3 14.0 3.5 2 1 4 5 5
6909.9 -4891.5 -6.1 233 0 12.6 24.3 14.0 3.5 2 1 4 0 0
6896.4 -4880.6 -5.5 52 0 15.9 17.0 14.0 3.5 4 1 4 2 2
6905.3 -4873.9 -5.2 53 0 6.2 9.1 14.0 3.5 2 1 4 0 0
6778.7 -4935.8 -7.3 232 0 10.8 20.6 14.0 3.5 4 1 4 4 4
6801.9 -4968.8 -7.8 231 0 8.0 14.0 14.0 3.5 2 1 4 2 2
6798.7 -4947.6 -7.2 54 0 6.5 8.5 14.0 3.5 2 1 4 1 1
6834.7 -4922.1 -6.8 53 0 6.3 9.9 14.0 3.5 2 1 4 5 5
6829.4 -4926.2 -6.8 52 0 7.0 9.8 14.0 3.5 2 1 4 0 0
6803.8 -4943.8 -7.1 53 0 6.3 8.4 14.0 3.5 2 1 4 2 2
6919.8 -4853.0 -4.8 148 0 14.0 10.4 10.5 3.5 2 0 3 0 0
6952.3 -4801.2 -4.4 324 0 18.9 6.9 10.5 3.5 2 0 3 4 4
6952.7 -4827.9 -4.5 324 0 16.8 7.4 10.5 0.0 0 0 3 3 3
6810.0 -4940.8 -7.1 53 0 6.9 9.6 14.0 3.5 2 1 4 0 0
6941.4 -4867.6 -5.2 231 0 8.1 11.3 14.0 3.5 2 1 4 2 2
6869.9 -4902.9 -6.1 55 0 6.5 12.3 14.0 3.5 2 1 4 3 3
6877.8 -4894.8 -5.9 54 0 9.5 10.0 14.0 3.5 2 1 4 0 0
6884.1 -4890.1 -5.7 51 0 6.4 9.7 14.0 3.5 2 1 4 3 3
6760.6 -5034.7 -8.0 177 0 6.3 10.5 10.5 3.5 2 1 3 4 4
6761.6 -5084.4 -8.8 177 0 6.4 11.5 10.5 3.5 2 1 3 5 5
6763.3 -5097.8 -9.0 175 0 7.2 9.4 10.5 3.5 2 1 3 1 1
6758.0 -4427.8 -5.4 262 0 10.2 18.1 10.5 3.5 2 1 3 1 1
6699.1 -4684.8 -5.1 7 0 13.0 20.4 10.5 3.5 2 1 3 3 3
6672.8 -4596.9 -5.0 280 0 44.5 32.1 10.5 0.0 0 0 3 2 2
6283.8 -2855.9 -15.0 168 1 13.4 12.0 14.0 3.5 2 0 4 5 5
6233.9 -2673.3 -11.8 166 0 11.1 8.6 14.0 3.5 4 0 4 5 5
6286.9 -3007.3 -14.4 348 0 20.3 13.2 14.0 3.5 2 0 4 4 4
6268.3 -2820.8 -15.3 169 0 7.4 14.2 14.0 3.5 2 1 4 4 4
6155.9 -2644.6 -10.4 70 0 6.4 7.5 14.0 3.5 2 1 4 1 1
6211.4 -2623.1 -10.2 57 0 7.0 10.4 14.0 3.5 4 1 4 2 2
6216.1 -2649.9 -10.8 344 0 15.6 24.9 14.0 3.5 2 1 4 5 5
6178.0 -2680.2 -12.1 343 0 13.7 19.0 14.0 0.0 0 1 4 3 3
6181.7 -2658.8 -10.7 163 0 8.3 7.9 14.0 3.5 4 0 4 2 2
6200.4 -2629.4 -10.2 67 0 6.6 10.0 14.0 3.5 2 1 4 0 0
6238.6 -2633.3 -11.0 250 0 10.0 7.2 14.0 3.5 2 0 4 3 3
6136.0 -2645.6 -10.5 164 0 7.5 8.9 14.0 3.5 2 1 4 4 4
6285.6 -2585.9 -10.6 171 0 10.7 16.4 14.0 3.5 2 1 4 5 5
6055.3 -2834.7 -18.9 121 0 17.3 31.2 14.0 3.5 2 1 4 5 5
5989.7 -2808.1 -17.5 101 0 14.3 21.6 14.0 3.5 2 1 4 5 5
5800.1 -2766.3 -15.4 157 0 13.0 23.1 10.5 3.5 2 1 3 3 3
5922.0 -2418.5 -17.7 192 0 13.2 28.5 14.0 3.5 2 1 4 1 1
5938.9 -2382.9 -14.4 218 1 12.1 17.9 14.0 3.5 2 1 4 2 2
5960.6 -2360.2 -13.0 233 1 11.3 16.6 14.0 3.5 4 1 4 5 5
6088.4 -2891.8 -20.2 148 0 13.1 19.5 14.0 3.5 2 1 4 0 0
5915.8 -2545.2 -15.2 19 0 13.8 21.7 10.5 3.5 2 1 3 4 4
5902.1 -2579.2 -14.3 20 0 14.0 21.0 10.5 3.5 2 1 3 3 3
6083.6 -2866.0 -19.0 141 0 16.1 19.4 14.0 3.5 2 1 4 5 5
5794.9 -2726.2 -15.7 261 0 6.5 13.2 10.5 3.5 2 1 3 5 5
5891.6 -2595.6 -14.1 22 0 12.3 22.7 10.5 0.0 0 1 3 2 2
5927.3 -2403.7 -16.9 202 0 8.1 20.9 14.0 3.5 2 1 4 4 4
6154.8 -2978.3 -20.5 343 0 29.5 29.5 14.0 0.0 0 1 4 3 3
5944.4 -2577.2 -13.4 22 0 18.2 16.1 10.5 3.5 2 0 3 3 3
6113.5 -2941.8 -19.6 149 1 13.6 15.4 14.0 3.5 2 1 4 4 4
5029.5 824.9 -18.7 263 0 11.4 67.5 14.0 0.0 0 1 4 1 1
5100.2 2038.9 -12.2 180 0 23.0 21.1 14.0 3.5 2 0 4 5 5
6194.8 -2239.5 -15.6 165 0 43.3 13.5 17.5 3.5 2 0 5 2 2
6208.7 -2287.5 -14.8 181 0 14.7 13.7 17.5 3.5 2 0 5 4 4
6182.0 -2197.7 -15.3 175 0 24.8 9.7 17.5 3.5 2 0 5 3 3
5921.3 2995.7 4.2 202 0 24.4 21.5 14.0 3.5 2 0 4 0 0
6844.8 -5209.5 -11.9 218 0 8.7 27.0 10.5 0.0 0 1 3 2 2
6360.0 -4539.3 -12.2 178 1 13.7 15.7 14.0 3.5 2 1 4 3 3
6515.2 3094.8 15.7 113 0 18.1 21.9 10.0 2.5 2 1 4 4 4
6273.3 3063.0 15.5 281 1 13.4 10.5 14.0 3.5 2 0 4 2 2
6462.7 2487.3 16.4 19 1 10.9 10.0 14.0 3.5 2 0 4 1 1
6235.5 2085.2 12.0 19 0 8.4 11.3 14.0 3.5 2 1 4 0 0
6225.5 2059.4 11.8 21 0 11.9 8.0 14.0 3.5 2 0 4 3 3
6228.9 2068.3 11.9 21 0 7.1 8.2 14.0 3.5 2 1 4 0 0
6192.3 2130.2 11.2 20 0 6.5 7.8 17.5 3.5 2 1 5 1 1
6326.6 2068.3 11.4 288 0 8.4 7.7 17.5 0.0 0 0 5 4 4
6231.0 2127.8 11.8 200 0 8.4 9.0 17.5 0.0 0 1 5 2 2
6298.5 2091.6 13.3 109 0 9.7 7.9 17.5 3.5 4 0 5 0 0
6192.0 2292.8 10.5 19 1 12.3 16.4 14.0 3.5 2 1 4 3 3
6222.3 2398.8 12.6 19 1 12.7 10.2 14.0 3.5 2 0 4 1 1
6221.5 2418.7 13.1 290 1 11.7 11.4 14.0 3.5 2 0 4 1 1
6234.6 2453.7 13.4 21 1 11.1 11.6 14.0 3.5 2 1 4 2 2
6183.1 2443.2 12.4 109 1 13.4 14.6 14.0 3.5 2 1 4 4 4
6260.3 2525.6 13.7 21 1 12.3 15.8 14.0 0.0 0 1 4 1 1
6331.5 2079.8 11.9 109 0 8.6 7.8 17.5 3.5 2 0 5 5 5
6310.5 2460.5 15.3 289 1 15.4 13.6 14.0 3.5 2 0 4 3 3
6395.9 2516.4 15.7 202 1 10.2 18.5 14.0 3.5 2 1 4 2 2
6370.9 2453.3 15.6 201 1 12.9 12.2 14.0 3.5 2 0 4 4 4
6368.1 2428.4 14.7 293 1 12.5 12.9 14.0 3.5 2 1 4 4 4
6439.7 2421.2 15.3 110 1 13.1 11.9 14.0 3.5 2 0 4 1 1
6335.5 2065.4 11.2 288 0 10.4 7.8 17.5 3.5 2 0 5 0 0
6328.6 2032.1 10.2 21 0 7.9 8.6 17.5 3.5 2 1 5 4 4
6331.2 2039.2 10.5 21 0 7.1 8.6 17.5 3.5 2 1 5 4 4
6333.3 2058.0 10.7 288 0 8.7 14.8 17.5 3.5 2 1 5 1 1
6386.8 2122.3 9.7 202 1 15.4 12.7 17.5 3.5 2 0 5 2 2
6382.3 2091.4 9.4 290 1 12.5 15.1 17.5 3.5 2 1 5 4 4
6415.2 2175.6 10.8 291 1 13.9 10.7 17.5 3.5 2 0 5 3 3
6352.8 1975.5 5.9 299 1 10.1 16.2 14.0 3.5 2 1 4 4 4
6231.8 2076.5 11.9 18 0 10.4 8.3 14.0 3.5 2 0 4 5 5
6209.0 2110.9 11.9 291 0 6.5 8.1 17.5 0.0 0 1 5 4 4
6202.4 2113.4 11.8 290 0 7.6 8.1 17.5 3.5 2 1 5 1 1
6195.3 2116.0 11.7 290 0 7.4 8.3 17.5 3.5 4 1 5 4 4
6307.6 2088.3 13.2 110 0 9.8 7.9 17.5 3.5 2 0 5 0 0
6316.0 2085.4 12.9 109 0 7.9 7.9 17.5 3.5 2 0 5 3 3
6323.6 2082.7 12.4 110 0 8.3 7.8 17.5 0.0 0 0 5 1 1
6343.0 2206.7 10.6 110 0 8.7 9.1 17.5 3.5 2 1 5 2 2
6313.7 2217.0 10.5 110 0 8.4 8.9 17.5 3.5 2 1 5 3 3
6320.4 2232.6 10.5 289 0 13.2 8.2 17.5 3.5 2 0 5 3 3
6353.1 2216.9 10.6 19 0 8.5 12.1 17.5 3.5 4 1 5 1 1
6331.0 2229.0 10.6 289 0 9.2 8.2 17.5 3.5 2 0 5 4 4
6339.2 2226.2 10.6 289 0 8.1 8.2 17.5 3.5 2 1 5 3 3
6358.5 2030.3 8.6 199 1 21.7 10.3 17.5 3.5 2 0 5 4 4
6303.0 2170.5 10.3 20 0 39.9 8.5 17.5 3.5 2 0 5 4 4
6899.9 -5364.9 -16.9 118 1 10.2 10.3 14.0 3.5 2 1 4 0 0
6880.4 -5358.8 -16.5 119 1 10.9 10.7 14.0 3.5 2 0 4 3 3
6876.5 -5193.6 -12.0 336 0 10.1 13.0 10.5 3.5 2 1 3 0 0
6845.2 -5262.0 -12.2 30 0 28.8 24.1 10.5 0.0 0 0 3 4 4
6817.1 -5119.9 -10.3 124 0 11.8 14.6 10.5 3.5 2 1 3 0 0
6778.8 -5104.1 -9.4 101 0 15.8 7.3 10.5 3.5 2 0 3 0 0
6801.6 -5108.0 -9.8 125 0 8.6 15.1 10.5 3.5 2 1 3 2 2
6897.3 -5166.4 -11.9 32 0 18.7 13.3 10.5 3.5 2 0 3 0 0
6849.4 -5143.1 -11.0 123 0 8.7 10.5 10.5 3.5 2 1 3 1 1
5477.6 1390.0 2.8 203 0 6.6 18.2 17.5 3.5 2 1 5 0 0
5459.0 1390.2 2.6 25 0 8.1 10.0 14.0 3.5 2 1 4 4 4
5506.4 1451.3 3.4 203 0 15.1 9.7 17.5 3.5 4 0 5 5 5
5427.5 1196.2 -1.2 122 0 11.6 25.1 17.5 0.0 0 1 5 1 1
5141.9 1135.7 -5.5 101 1 11.9 11.3 17.5 3.5 2 0 5 2 2
5347.8 1188.0 -0.5 10 0 31.1 15.2 17.5 3.5 4 0 5 5 5
5019.8 933.6 -12.9 92 1 10.0 14.7 17.5 3.5 2 1 5 4 4
5189.9 1587.0 -3.8 187 0 6.5 16.3 17.5 3.5 2 1 5 5 5
5576.2 1424.8 1.6 30 0 18.7 22.3 3.5 3.5 4 1 1 1 1
5566.1 1550.1 4.8 289 0 15.9 9.3 7.0 3.5 2 0 2 1 1
5597.8 1502.7 3.4 134 0 13.2 16.3 10.5 3.5 2 1 3 5 5
5603.5 1545.2 5.0 135 0 12.5 15.2 7.0 3.5 2 1 2 3 3
5589.4 1557.2 6.3 127 0 6.9 10.3 10.5 3.5 2 1 3 0 0
5617.3 1531.3 3.9 139 0 7.1 10.4 7.0 3.5 2 1 2 1 1
5427.4 1350.9 1.8 274 0 8.8 12.0 14.0 3.5 4 1 4 1 1
5415.1 1354.2 1.3 267 0 15.3 18.6 14.0 3.5 2 1 4 3 3
5130.7 1250.8 -5.2 6 0 8.0 24.8 3.5 0.0 0 1 1 5 5
5047.4 947.4 -10.5 270 0 17.6 8.7 17.5 3.5 2 0 5 3 3
5291.9 1107.1 -1.9 102 0 8.5 14.8 17.5 3.5 4 1 5 0 0
5181.6 1423.1 -3.3 169 0 16.3 38.0 17.5 0.0 0 1 5 2 2
5168.6 1420.3 -4.0 346 0 15.6 19.7 17.5 3.5 2 1 5 1 1
5183.7 1327.7 -1.0 177 0 17.8 23.8 14.0 3.5 2 1 4 1 1
5115.5 1287.9 -4.3 186 0 13.7 21.7 21.0 0.0 0 1 6 0 0
5411.3 1362.0 1.2 88 0 10.7 33.0 14.0 0.0 0 1 4 2 2
5094.3 538.2 -22.7 165 0 20.2 14.0 7.0 3.5 2 0 2 2 2
5212.5 499.5 -19.1 3 0 14.3 23.3 14.0 3.5 2 1 4 4 4
5170.2 562.7 -17.1 209 1 13.6 12.8 17.5 3.5 2 0 5 4 4
5339.6 1125.5 -1.5 202 0 6.4 8.4 14.0 3.5 4 1 4 0 0
5308.2 1072.7 -2.2 15 0 6.5 6.4 17.5 3.5 2 0 5 3 3
5288.8 1252.6 -0.1 88 0 12.9 10.7 17.5 3.5 4 0 5 2 2
5172.4 1251.8 -1.6 177 0 10.7 7.1 17.5 3.5 2 0 5 5 5
5262.8 1152.4 -1.4 279 0 17.5 7.2 17.5 3.5 2 0 5 0 0
5181.4 1388.8 -2.0 176 0 12.4 45.4 14.0 3.5 2 1 4 1 1
5348.1 1500.5 -0.6 350 0 17.6 15.3 17.5 0.0 0 0 5 2 2
5150.4 1044.2 -4.1 12 1 10.5 17.9 17.5 3.5 2 1 5 2 2
5301.6 1435.8 -2.2 79 0 11.5 23.1 17.5 3.5 2 1 5 2 2
5253.1 1468.4 -3.3 79 1 17.6 11.6 17.5 3.5 2 0 5 3 3
5351.5 848.4 -11.1 120 1 12.6 10.9 17.5 3.5 2 0 5 1 1
5313.3 1332.7 -0.2 356 0 10.4 41.2 14.0 3.5 2 1 4 2 2
5177.9 1301.4 -0.9 267 1 14.2 12.7 17.5 3.5 2 0 5 0 0
5215.7 1305.4 0.1 268 0 20.5 13.4 17.5 0.0 0 0 5 4 4
5278.9 1302.5 0.2 179 0 11.4 24.3 17.5 3.5 2 1 5 0 0
6798.7 187.3 -9.3 305 1 16.0 10.2 17.5 3.5 2 0 5 3 3
6812.3 174.0 -9.3 304 1 12.1 12.4 17.5 3.5 2 1 5 2 2
6869.3 75.9 -10.1 128 0 30.8 15.5 17.5 3.5 2 0 5 5 5
6727.4 170.7 -12.5 293 0 9.2 23.0 14.0 0.0 0 1 4 0 0
5825.8 2562.7 2.1 290 0 15.2 20.5 14.0 3.5 2 1 4 1 1
5510.1 2687.0 0.2 198 1 12.4 12.5 14.0 3.5 2 1 4 5 5
5833.0 2507.8 1.7 110 1 10.3 14.7 14.0 3.5 2 1 4 2 2
5989.2 2387.2 7.6 199 1 19.3 12.3 17.5 3.5 4 0 5 2 2
5999.4 2412.5 7.6 198 1 16.8 13.5 17.5 3.5 2 0 5 0 0
5606.9 2813.1 -1.9 289 1 11.5 11.5 14.0 3.5 2 1 4 4 4
5493.9 2024.3 0.7 11 0 16.9 19.0 17.5 0.0 0 1 5 3 3
5812.1 1512.8 -2.2 203 0 18.0 14.2 17.5 3.5 2 0 5 3 3
5258.9 1695.7 -2.7 274 0 33.2 59.6 17.5 0.0 0 1 5 0 0
5231.5 1721.4 -3.5 3 0 14.2 32.0 14.0 0.0 0 1 4 3 3
5835.0 1849.6 7.6 27 0 19.5 32.3 17.5 0.0 0 1 5 5 5
5651.0 1932.4 4.3 289 0 9.9 15.7 17.5 3.5 2 1 5 3 3
5645.6 1897.2 3.5 17 0 6.2 24.6 17.5 3.5 2 1 5 5 5
5249.5 1575.7 -1.9 94 0 8.6 26.0 17.5 3.5 2 1 5 0 0
5260.0 1574.9 -1.6 94 0 12.5 11.5 17.5 3.5 2 0 5 4 4
5563.5 1665.7 3.0 20 0 9.8 10.1 17.5 3.5 2 1 5 1 1
5593.3 1665.3 3.8 290 0 16.4 9.5 14.0 3.5 2 0 4 5 5
5598.7 1758.4 4.3 21 0 10.9 9.7 14.0 3.5 2 0 4 2 2
5613.5 1798.4 4.1 20 0 24.8 17.7 14.0 3.5 2 0 4 4 4
5650.5 1831.5 5.0 295 0 6.5 6.4 17.5 3.5 2 0 5 4 4
5672.8 1844.0 4.9 22 0 8.4 21.4 17.5 3.5 2 1 5 4 4
5687.7 1918.4 5.5 112 0 10.4 24.8 17.5 3.5 2 1 5 4 4
5847.2 1843.2 8.5 206 0 19.4 31.6 17.5 0.0 0 1 5 5 5
5856.1 1802.1 8.8 295 0 13.3 15.3 17.5 3.5 4 1 5 0 0
5223.1 2006.2 -6.0 272 0 27.8 36.2 17.5 0.0 0 1 5 4 4
5224.7 2023.4 -6.0 94 0 24.6 27.8 17.5 0.0 0 1 5 4 4
5498.4 2051.3 0.5 12 0 18.3 27.1 17.5 3.5 2 1 5 5 5
5512.0 2003.8 1.4 193 0 32.4 29.6 17.5 0.0 0 0 5 0 0
5625.2 1373.6 -2.4 210 0 9.4 9.5 7.0 0.0 0 1 2 3 3
5587.0 2786.0 -1.7 197 1 12.2 10.1 14.0 3.5 2 0 4 3 3
6278.0 1661.7 -7.9 55 0 6.4 8.3 17.5 3.5 4 1 5 4 4
6174.2 1598.0 -6.9 59 0 6.4 23.8 14.0 3.5 2 1 4 1 1
6133.7 1619.6 -3.7 150 0 9.5 6.8 14.0 3.5 2 0 4 0 0
6201.2 1585.4 -9.6 151 0 8.5 13.9 14.0 3.5 4 1 4 2 2
6195.5 1617.4 -6.8 329 0 11.4 12.6 14.0 3.5 2 1 4 0 0
6272.7 1657.9 -7.7 55 0 6.4 8.3 17.5 3.5 2 1 5 3 3
6262.5 1655.7 -7.6 145 0 8.3 6.4 17.5 3.5 2 0 5 2 2
5935.6 -659.5 -14.4 350 0 11.1 31.0 10.5 3.5 2 1 3 3 3
5987.2 -2185.2 -18.6 269 0 9.0 48.9 10.5 0.0 0 1 3 4 4
5924.8 -2238.8 -20.8 90 0 50.0 13.1 14.0 3.5 2 0 4 0 0
5893.6 -2194.1 -22.7 265 0 13.1 12.3 14.0 3.5 2 0 4 1 1
5899.8 -2205.9 -22.5 265 0 13.1 11.1 14.0 3.5 2 0 4 2 2
5912.5 -2176.0 -21.3 91 0 23.3 10.7 14.0 3.5 2 0 4 4 4
5902.8 -2280.5 -20.1 359 0 17.2 13.7 14.0 0.0 0 0 4 1 1
5912.1 -2306.3 -18.3 92 0 16.3 13.7 14.0 3.5 4 0 4 3 3
5952.5 -838.1 -14.5 359 0 6.7 12.4 10.5 3.5 2 1 3 5 5
5969.7 -839.4 -14.2 182 0 6.1 12.4 10.5 3.5 2 1 3 3 3
5969.2 -851.9 -14.3 182 0 6.1 12.2 10.5 3.5 2 1 3 2 2
5878.2 -539.6 -12.5 142 0 11.6 14.5 17.5 3.5 2 1 5 4 4
5970.2 -870.6 -14.4 181 0 6.1 10.2 10.5 3.5 2 1 3 3 3
5970.1 -876.8 -14.4 181 0 6.2 10.2 10.5 3.5 2 1 3 4 4
5972.0 -888.8 -14.2 181 0 6.3 9.7 10.5 3.5 2 1 3 5 5
5974.1 -895.3 -14.1 182 0 6.6 13.1 10.5 3.5 4 1 3 4 4
6413.3 -1173.8 -6.1 0 0 36.3 16.6 17.5 3.5 2 0 5 4 4
6435.1 -1195.4 -5.5 273 0 7.1 45.4 17.5 0.0 0 1 5 1 1
6685.1 -1332.4 -4.2 273 0 14.7 18.9 14.0 3.5 2 1 4 5 5
6350.6 -1327.5 -8.2 93 0 14.1 11.7 17.5 3.5 2 0 5 4 4
6614.9 -1547.9 -6.6 351 0 8.5 13.0 10.5 3.5 2 1 3 3 3
6597.9 -1511.6 -6.8 3 0 9.6 11.0 10.5 3.5 2 1 3 5 5
6790.2 -1853.0 -9.0 48 1 13.1 17.5 17.5 3.5 4 1 5 4 4
6767.6 -1770.0 -6.7 122 1 13.7 13.4 14.0 3.5 2 0 4 4 4
6794.9 -1785.5 -6.5 34 1 11.9 17.4 14.0 3.5 2 1 4 3 3
5050.7 1097.1 -12.1 8 0 31.2 13.8 17.5 3.5 2 0 5 2 2
5004.9 1024.0 -17.5 299 0 17.8 16.3 7.0 0.0 0 0 2 4 4
5688.1 135.2 -21.7 352 0 13.9 29.3 3.5 3.5 2 1 1 3 3
5690.2 77.8 -18.2 12 0 10.9 27.2 17.5 3.5 2 1 5 4 4
6922.9 -1338.9 -1.4 106 0 8.8 10.1 10.5 3.5 2 1 3 2 2
6913.2 -1335.1 -1.6 107 0 7.9 7.8 10.5 3.5 2 0 3 5 5
6201.7 -1127.0 -8.8 17 0 20.7 22.6 17.5 3.5 2 1 5 0 0
6260.6 -1136.9 -7.1 289 0 21.8 57.8 17.5 0.0 0 1 5 2 2
6185.5 -1202.5 -7.7 171 0 19.9 45.7 17.5 0.0 0 1 5 2 2
6223.6 -1258.8 -7.5 87 1 11.6 14.0 17.5 3.5 2 1 5 4 4
6224.4 -1275.9 -7.4 86 1 10.0 13.4 17.5 0.0 0 1 5 2 2
6264.8 -1267.3 -7.1 88 1 12.2 11.1 17.5 3.5 2 0 5 2 2
6645.5 -1795.5 -7.6 96 0 11.5 40.7 17.5 3.5 2 1 5 5 5
6231.8 -1547.3 -9.2 308 1 12.0 12.9 17.5 3.5 2 1 5 0 0
6158.8 -1383.1 -9.6 175 1 15.8 12.1 17.5 3.5 2 0 5 0 0
6148.6 -1343.5 -9.7 273 1 10.8 10.1 17.5 3.5 4 0 5 0 0
6090.3 -512.4 -10.6 248 1 10.3 13.3 17.5 3.5 2 1 5 4 4
6270.4 -425.9 -8.3 58 0 38.1 16.7 17.5 3.5 2 0 5 1 1
6206.9 -378.3 -9.0 116 0 40.2 10.5 14.0 3.5 4 0 4 5 5
6221.3 -403.8 -8.5 308 0 8.0 20.0 17.5 3.5 2 1 5 4 4
6276.3 -331.2 -7.4 31 0 21.8 23.2 14.0 0.0 0 1 4 5 5
6539.1 3953.4 11.0 132 0 11.3 23.3 14.0 3.5 2 1 4 1 1
6905.6 4303.5 5.7 139 0 16.1 25.4 10.0 2.5 2 1 4 0 0
5914.4 3963.4 0.7 39 1 10.4 16.3 14.0 3.5 2 1 4 5 5
5672.2 4146.6 -8.0 221 1 11.1 13.3 14.0 3.5 2 1 4 3 3
5754.9 4252.5 -4.2 217 1 16.0 11.4 14.0 3.5 2 0 4 2 2
6129.8 3761.8 7.4 127 0 46.4 21.4 14.0 3.5 2 0 4 1 1
6286.8 3677.0 13.1 93 1 15.1 11.4 14.0 0.0 0 0 4 5 5
5911.9 3928.6 1.2 37 1 16.8 10.1 14.0 3.5 2 0 4 3 3
5944.1 3935.5 1.9 217 1 12.5 10.4 14.0 3.5 2 0 4 5 5
5964.0 3959.2 2.7 228 1 13.1 14.9 14.0 3.5 2 1 4 0 0
5947.8 4000.8 1.8 309 1 12.0 12.7 14.0 3.5 2 1 4 2 2
6251.5 2409.6 12.9 199 0 27.3 12.0 14.0 3.5 2 0 4 0 0
6295.5 2405.9 12.3 289 0 14.7 37.3 14.0 3.5 2 1 4 0 0
6250.0 2301.5 11.0 18 0 12.0 24.5 14.0 3.5 2 1 4 3 3
6409.9 2276.8 11.5 21 0 8.1 9.2 14.0 0.0 0 1 4 0 0
6398.5 2281.4 11.5 21 0 7.7 14.7 14.0 3.5 2 1 4 3 3
6695.8 -2423.6 -9.2 360 0 6.6 11.0 14.0 3.5 2 1 4 5 5
6728.4 -3612.4 -9.0 178 0 26.5 49.5 10.0 2.5 2 1 4 5 5
6737.3 -3531.1 -9.1 268 0 22.4 43.4 7.5 0.0 0 1 3 0 0
6789.6 -3668.6 -8.2 358 0 21.2 29.8 7.5 2.5 2 1 3 1 1
6806.6 -3709.2 -7.3 358 0 10.3 12.2 10.5 2.5 2 1 3 4 4
6698.6 -3633.4 -8.8 264 0 36.4 79.7 12.5 0.0 0 1 5 4 4
6650.2 -3584.3 -9.7 268 0 31.6 34.6 10.0 0.0 0 1 4 4 4
6613.5 -2987.1 -9.1 350 0 25.9 7.5 14.0 3.5 2 0 4 3 3
6613.5 -2987.1 -9.1 350 0 25.9 7.5 14.0 3.5 2 0 4 1 1
6781.4 347.3 -6.6 213 0 10.4 36.8 14.0 0.0 0 1 4 3 3
6788.8 312.0 -5.8 101 0 8.2 12.6 14.0 3.5 2 1 4 2 2
5873.6 -959.5 -16.8 271 0 20.5 12.0 14.0 3.5 2 0 4 1 1
5821.3 -1413.3 -15.7 182 0 10.9 18.1 10.5 3.5 2 1 3 3 3
5914.9 -1590.7 -11.0 94 1 15.9 10.4 14.0 3.5 2 0 4 5 5
6221.5 -1616.0 -10.0 93 1 10.7 12.3 17.5 3.5 2 1 5 5 5
5989.8 -1596.7 -10.9 94 1 15.9 10.4 14.0 3.5 2 0 4 1 1
5930.8 -972.8 -14.4 185 0 11.7 12.0 14.0 3.5 2 1 4 0 0
6010.2 -1597.3 -10.8 94 1 15.9 10.4 14.0 3.5 2 0 4 4 4
5961.0 -1491.8 -11.5 88 0 9.2 13.0 10.5 3.5 2 1 3 4 4
5932.9 -1592.8 -10.9 94 1 15.9 10.4 14.0 3.5 2 0 4 2 2
6270.1 -1942.1 -9.8 271 1 10.3 12.1 17.5 3.5 2 1 5 2 2
5975.4 -1490.1 -11.4 88 0 9.2 13.0 10.5 3.5 2 1 3 2 2
5863.4 -1482.3 -12.6 88 0 9.2 13.0 10.5 3.5 2 1 3 4 4
5825.1 -1240.9 -16.8 182 1 10.9 18.1 14.0 3.5 2 1 4 0 0
5894.2 -1485.0 -12.2 88 0 9.2 13.0 10.5 3.5 4 1 3 3 3
6314.3 -1929.3 -9.9 91 1 10.3 12.1 17.5 3.5 2 1 5 3 3
5905.6 -1485.3 -12.1 88 0 9.2 13.0 10.5 3.5 2 1 3 0 0
6328.9 -1929.9 -9.9 91 1 10.3 12.1 17.5 3.5 2 1 5 0 0
6392.7 -1592.3 -6.7 273 1 11.2 10.1 17.5 3.5 2 0 5 0 0
6324.9 -1730.3 -10.3 273 1 10.7 12.3 17.5 3.5 2 1 5 4 4
6339.0 -1730.3 -10.2 273 1 10.7 12.3 17.5 3.5 2 1 5 5 5
6229.5 -1516.9 -8.9 3 1 13.8 10.7 17.5 3.5 2 0 5 5 5
6339.6 -1640.1 -8.2 273 1 10.7 12.3 17.5 3.5 2 1 5 4 4
6256.3 -1941.7 -9.8 314 1 10.1 10.4 17.5 3.5 2 1 5 2 2
5885.4 -1182.6 -13.1 87 0 12.8 15.3 10.5 3.5 2 1 3 1 1
6346.9 -1711.4 -9.7 93 1 10.7 12.3 17.5 3.5 2 1 5 2 2
6016.0 -857.5 -14.1 347 0 11.4 8.0 10.5 3.5 2 0 3 4 4
5881.0 -1294.1 -13.4 268 0 9.2 13.0 10.5 3.5 2 1 3 4 4
6270.7 -1730.6 -10.8 273 1 10.7 12.3 17.5 3.5 2 1 5 2 2
6244.1 -1738.9 -11.1 1 1 12.1 10.3 17.5 3.5 2 0 5 1 1
5921.3 -931.6 -15.4 185 0 11.7 12.0 14.0 3.5 2 1 4 0 0
6014.3 -1495.2 -11.0 88 0 9.2 13.0 10.5 3.5 2 1 3 2 2
6268.6 -1636.8 -9.0 273 1 10.7 12.3 17.5 3.5 2 1 5 3 3
6340.9 -1563.4 -7.7 3 1 12.3 10.7 17.5 3.5 2 0 5 3 3
5824.3 -1622.9 -15.6 272 0 14.1 22.5 14.0 3.5 2 1 4 5 5
6273.6 -1710.2 -10.5 93 1 10.7 12.3 17.5 3.5 2 1 5 2 2
6034.6 -1413.9 -9.9 274 0 15.9 10.4 10.5 3.5 2 0 3 5 5
5896.1 -1588.9 -11.6 94 1 15.9 10.4 14.0 3.5 2 0 4 4 4
6353.0 -1612.9 -6.6 183 1 12.3 10.7 17.5 3.5 2 0 5 4 4
6268.0 -1551.0 -8.4 273 1 10.7 12.3 17.5 3.5 2 1 5 3 3
5986.7 -1109.3 -12.4 264 0 16.9 15.2 10.5 3.5 2 0 3 3 3
5898.3 -1167.9 -12.7 88 0 9.2 13.0 10.5 3.5 2 1 3 3 3
5983.8 -1180.3 -12.0 89 0 12.9 13.0 10.5 3.5 2 1 3 3 3
5850.5 -1480.8 -12.9 88 0 9.2 13.0 10.5 3.5 2 1 3 0 0
6296.7 -1636.8 -8.4 273 1 10.7 12.3 17.5 3.5 2 1 5 2 2
5999.7 -1180.0 -11.9 89 0 12.9 13.0 10.5 3.5 4 1 3 3 3
5828.1 -1321.8 -14.4 182 0 10.9 18.1 10.5 3.5 4 1 3 2 2
5968.5 -1110.1 -12.6 264 0 16.9 15.2 10.5 3.5 2 0 3 1 1
6272.0 -1854.2 -10.7 181 1 12.1 10.3 17.5 3.5 2 0 5 0 0
5949.0 -1113.7 -12.7 264 0 16.9 15.2 10.5 3.5 2 0 3 2 2
5964.2 -1619.0 -11.7 274 1 15.9 10.4 14.0 3.5 4 0 4 2 2
6272.0 -1869.5 -10.4 181 1 12.1 10.3 17.5 3.5 2 0 5 3 3
6258.9 -1707.8 -10.5 93 1 10.7 12.3 17.5 3.5 2 1 5 2 2
6250.9 -1857.7 -10.6 1 1 12.1 10.3 17.5 3.5 4 0 5 3 3
5945.3 -1619.0 -11.7 274 1 15.9 10.4 14.0 3.5 2 0 4 3 3
5916.8 -971.5 -14.9 185 0 11.7 12.0 14.0 0.0 0 1 4 2 2
6053.1 -1153.8 -11.2 357 0 8.7 9.6 10.5 3.5 2 1 3 4 4
6269.0 -1799.3 -10.8 181 1 12.1 10.3 17.5 3.5 2 0 5 0 0
5996.0 -1622.0 -11.7 274 1 15.9 10.4 14.0 3.5 4 0 4 4 4
5981.6 -1300.4 -11.3 268 0 9.2 13.0 10.5 3.5 2 1 3 3 3
5921.7 -1408.2 -11.5 274 0 15.9 10.4 10.5 3.5 2 0 3 2 2
5987.7 -1493.6 -11.3 88 0 9.2 13.0 10.5 3.5 2 1 3 2 2
6250.3 -1899.6 -9.9 1 1 12.1 10.3 17.5 3.5 2 0 5 1 1
5956.8 -1297.0 -12.1 271 0 19.7 11.5 10.5 3.5 2 0 3 1 1
5956.8 -1091.4 -12.9 84 0 16.9 15.2 14.0 3.5 2 0 4 4 4
6013.0 -845.6 -14.1 347 0 11.4 8.0 10.5 3.5 2 0 3 4 4
5859.4 -1285.4 -14.2 268 0 9.2 13.0 10.5 3.5 2 1 3 0 0
6315.6 -1951.4 -9.7 271 1 10.3 12.1 17.5 3.5 2 1 5 3 3
5930.5 -1180.0 -12.6 89 0 12.9 13.0 10.5 3.5 2 1 3 1 1
6010.7 -1298.6 -10.9 268 0 9.2 13.0 10.5 3.5 2 1 3 1 1
6352.1 -1730.3 -10.1 273 1 10.7 12.3 17.5 3.5 2 1 5 2 2
5998.6 -1523.7 -10.4 274 1 15.9 10.4 14.0 3.5 4 0 4 2 2
5953.2 -1408.4 -11.0 268 0 9.2 13.0 10.5 3.5 4 1 3 3 3
5869.5 -1116.2 -13.5 265 0 12.5 15.3 10.5 3.5 2 1 3 3 3
5863.6 -1208.2 -14.0 268 1 13.1 16.3 14.0 3.5 2 1 4 1 1
6247.2 -1713.4 -10.8 44 1 10.5 10.1 17.5 3.5 2 0 5 5 5
6231.8 -1484.7 -8.5 3 1 13.8 10.7 17.5 3.5 2 0 5 1 1
6015.2 -1180.9 -11.7 89 0 12.9 13.0 10.5 3.5 2 1 3 3 3
6239.1 -1617.8 -9.6 93 1 10.7 12.3 17.5 3.5 4 1 5 2 2
6303.2 -1710.2 -10.2 93 1 10.7 12.3 17.5 3.5 2 1 5 5 5
6253.5 -1617.8 -9.2 93 1 10.7 12.3 17.5 3.5 2 1 5 2 2
6318.2 -1710.2 -10.0 93 1 10.7 12.3 17.5 3.5 2 1 5 0 0
6245.9 -1778.5 -11.1 1 1 12.1 10.3 17.5 3.5 2 0 5 0 0
6220.1 -1636.8 -10.4 273 1 10.7 12.3 17.5 3.5 2 1 5 3 3
6295.5 -1554.6 -7.9 273 1 10.7 12.3 17.5 3.5 2 1 5 5 5
6245.3 -1765.6 -11.1 1 1 12.1 10.3 17.5 3.5 2 0 5 2 2
6309.3 -1554.3 -7.7 273 1 10.7 12.3 17.5 3.5 2 1 5 4 4
5817.7 -1528.5 -15.8 182 1 10.9 18.1 14.0 0.0 0 1 4 4 4
6248.8 -1845.4 -10.8 1 1 12.1 10.3 17.5 0.0 0 0 5 2 2
5819.8 -1547.0 -15.4 182 1 10.9 18.1 14.0 3.5 2 1 4 1 1
6247.0 -1832.5 -11.0 1 1 12.1 10.3 17.5 3.5 2 0 5 0 0
5820.7 -1428.3 -15.7 182 0 10.9 18.1 10.5 3.5 2 1 3 0 0
5817.1 -1444.2 -16.1 182 0 10.9 18.1 10.5 3.5 2 1 3 5 5
5871.0 -1097.3 -14.0 84 0 16.9 15.2 14.0 3.5 2 0 4 5 5
6207.4 -1615.7 -10.3 93 1 10.7 12.3 17.5 3.5 2 1 5 3 3
6267.1 -1771.1 -10.8 181 1 12.1 10.3 17.5 3.5 2 0 5 1 1
5866.0 -1401.2 -12.4 268 0 9.2 13.0 10.5 3.5 2 1 3 1 1
5851.4 -1400.3 -12.6 268 0 9.2 13.0 10.5 3.5 2 1 3 0 0
6297.5 -1619.9 -7.9 93 1 10.7 12.3 17.5 3.5 2 1 5 1 1
5952.1 -1594.9 -10.9 94 1 15.9 10.4 14.0 3.5 4 0 4 1 1
6270.5 -1826.6 -10.8 181 1 12.1 10.3 17.5 3.5 2 0 5 2 2
5935.2 -932.7 -14.9 185 0 11.7 12.0 14.0 3.5 2 1 4 1 1
5824.2 -1224.7 -16.6 182 1 10.9 18.1 14.0 3.5 2 1 4 3 3
5920.4 -943.8 -15.2 185 0 11.7 12.0 14.0 3.5 2 1 4 3 3
5908.0 -1406.9 -11.7 268 0 9.2 13.0 10.5 3.5 2 1 3 3 3
5878.7 -1485.1 -12.4 94 0 15.9 10.4 10.5 3.5 2 0 3 5 5
6049.5 -1135.9 -11.4 355 0 12.5 9.6 10.5 3.5 2 0 3 5 5
5917.6 -1487.1 -12.0 88 0 9.2 13.0 10.5 3.5 2 1 3 3 3
6030.7 -1295.3 -10.8 268 0 9.2 13.0 10.5 3.5 2 1 3 2 2
5932.9 -1488.6 -11.8 88 0 9.2 13.0 10.5 3.5 2 1 3 3 3
5905.9 -1295.0 -12.9 268 0 9.2 13.0 10.5 3.5 2 1 3 1 1
5946.3 -1488.6 -11.7 88 0 9.2 13.0 10.5 3.5 2 1 3 2 2
6285.1 -1730.3 -10.7 273 1 10.7 12.3 17.5 3.5 2 1 5 4 4
6018.5 -868.9 -14.1 347 0 11.4 8.0 10.5 3.5 2 0 3 0 0
5920.2 -1297.1 -12.6 268 0 9.2 13.0 10.5 3.5 2 1 3 3 3
6283.6 -1944.5 -9.7 271 1 10.3 12.1 17.5 3.5 2 1 5 0 0
6020.9 -880.8 -14.1 347 0 11.4 8.0 10.5 3.5 2 0 3 0 0
6279.8 -1926.3 -9.8 91 1 10.3 12.1 17.5 3.5 2 1 5 0 0
6008.5 -1410.9 -10.2 274 0 15.9 10.4 10.5 3.5 2 0 3 1 1
6251.2 -1548.4 -8.7 273 1 10.7 12.3 17.5 3.5 4 1 5 2 2
6354.2 -1592.5 -6.8 183 1 12.3 10.7 17.5 3.5 2 0 5 5 5
5921.2 -1094.4 -13.3 84 0 16.9 15.2 14.0 3.5 2 0 4 0 0
6297.2 -1926.0 -9.9 91 1 10.3 12.1 17.5 3.5 2 1 5 0 0
6298.8 -1729.7 -10.6 273 1 10.7 12.3 17.5 0.0 0 1 5 2 2
5914.6 -1168.9 -12.5 89 0 12.9 13.0 10.5 3.5 2 1 3 4 4
6311.7 -1731.2 -10.5 273 1 10.7 12.3 17.5 3.5 2 1 5 2 2
6023.8 -892.5 -13.7 347 0 11.4 8.0 10.5 3.5 2 0 3 4 4
6311.1 -1636.8 -8.3 273 1 10.7 12.3 17.5 0.0 0 1 5 4 4
5827.9 -1148.8 -15.1 181 0 18.2 10.7 10.5 3.5 2 0 3 5 5
6252.1 -1918.2 -9.7 1 1 12.1 10.3 17.5 3.5 2 0 5 3 3
6230.1 -1501.0 -8.7 3 1 13.8 10.7 17.5 3.5 2 0 5 0 0
6325.5 -1637.1 -8.3 273 1 10.7 12.3 17.5 3.5 2 1 5 0 0
6332.9 -1712.0 -9.9 93 1 10.7 12.3 17.5 3.5 2 1 5 4 4
6237.4 -1636.2 -9.9 273 1 10.7 12.3 17.5 3.5 2 1 5 0 0
5923.3 -1113.7 -13.0 264 0 16.9 15.2 10.5 3.5 2 0 3 0 0
6273.2 -1883.0 -10.2 181 1 12.1 10.3 17.5 3.5 2 0 5 3 3
6251.2 -1635.9 -9.5 273 1 10.7 12.3 17.5 3.5 2 1 5 4 4
6323.1 -1556.4 -7.7 273 1 10.7 12.3 17.5 3.5 2 1 5 4 4
5902.9 -1113.7 -13.2 265 0 13.1 16.2 10.5 3.5 2 1 3 3 3
6274.1 -1896.5 -10.0 181 1 12.1 10.3 17.5 3.5 2 0 5 3 3
6217.8 -1422.8 -8.9 324 1 12.0 11.2 17.5 3.5 2 0 5 5 5
6269.3 -1812.8 -10.8 181 1 12.1 10.3 17.5 3.5 2 0 5 3 3
6007.7 -1106.9 -12.2 264 0 16.9 15.2 10.5 3.5 2 0 3 4 4
5817.1 -1459.2 -16.1 182 0 10.9 18.1 10.5 3.5 2 1 3 1 1
5957.7 -1180.6 -12.3 89 0 12.9 13.0 10.5 3.5 2 1 3 1 1
5918.9 -983.0 -14.6 184 0 8.1 16.6 14.0 3.5 2 1 4 0 0
6247.9 -1805.5 -11.0 1 1 12.1 10.3 17.5 3.5 2 0 5 1 1
6223.7 -1440.8 -8.6 324 1 12.0 11.2 17.5 3.5 2 0 5 4 4
5999.0 -1494.2 -11.1 88 0 9.2 13.0 10.5 3.5 2 1 3 4 4
6251.5 -1885.5 -10.1 1 1 12.1 10.3 17.5 3.5 2 0 5 2 2
6250.9 -1870.5 -10.4 1 1 12.1 10.3 17.5 0.0 0 0 5 3 3
5918.5 -957.8 -15.0 185 0 11.7 12.0 14.0 3.5 2 1 4 0 0
6298.9 -1949.3 -9.7 271 1 10.3 12.1 17.5 3.5 2 1 5 2 2
5883.4 -1404.9 -12.2 274 0 15.9 10.4 10.5 3.5 2 0 3 3 3
5868.1 -1182.0 -13.2 88 0 13.1 16.3 10.5 3.5 2 1 3 1 1
5932.8 -1297.4 -12.3 268 0 9.2 13.0 10.5 3.5 4 1 3 5 5
5939.7 -1408.5 -11.2 274 0 15.9 10.4 10.5 3.5 2 0 3 3 3
6028.7 -1495.6 -10.8 94 0 15.9 10.4 10.5 3.5 2 0 3 2 2
5988.5 -1088.4 -12.6 84 0 16.9 15.2 14.0 0.0 0 0 4 1 1
6007.1 -1087.5 -12.4 84 0 16.9 15.2 14.0 3.5 2 0 4 5 5
5987.6 -1409.7 -10.5 274 0 15.9 10.4 10.5 3.5 2 0 3 3 3
5939.1 -1092.9 -13.1 84 0 16.9 15.2 14.0 3.5 2 0 4 0 0
5968.7 -1408.5 -10.8 274 0 15.9 10.4 10.5 3.5 2 0 3 1 1
6386.9 -1614.4 -6.1 182 1 10.1 11.2 17.5 3.5 2 1 5 5 5
5850.7 -1610.9 -13.1 274 1 15.9 10.4 14.0 3.5 2 0 4 0 0
6042.6 -1066.8 -12.7 354 0 15.2 16.9 14.0 3.5 2 1 4 1 1
6268.2 -1619.0 -8.8 93 1 10.7 12.3 17.5 3.5 2 1 5 0 0
6283.1 -1619.0 -8.3 93 1 10.7 12.3 17.5 3.5 2 1 5 1 1
6243.5 -1753.0 -11.1 1 1 12.1 10.3 17.5 3.5 2 0 5 4 4
5886.5 -1115.4 -13.4 266 0 14.6 15.8 10.5 3.5 2 1 3 2 2
6227.4 -1534.3 -9.1 3 1 13.8 10.7 17.5 3.5 2 0 5 1 1
6247.3 -1820.2 -11.1 1 1 12.1 10.3 17.5 3.5 4 0 5 5 5
5924.4 -913.9 -15.3 183 0 18.4 14.5 14.0 3.5 2 0 4 3 3
6243.2 -1724.8 -11.1 1 1 12.1 10.3 17.5 3.5 2 0 5 2 2
6282.7 -1636.2 -8.6 273 1 10.7 12.3 17.5 3.5 2 1 5 1 1
6288.2 -1710.2 -10.3 93 1 10.7 12.3 17.5 3.5 2 1 5 3 3
6312.8 -1619.6 -7.5 93 1 10.7 12.3 17.5 3.5 2 1 5 2 2
6245.6 -1791.7 -11.1 1 1 12.1 10.3 17.5 3.5 2 0 5 5 5
6270.2 -1840.7 -10.8 181 1 12.1 10.3 17.5 3.5 2 0 5 4 4
6238.0 -1439.9 -8.5 324 1 12.0 11.2 17.5 3.5 2 0 5 5 5
6331.9 -1614.4 -7.2 3 1 12.3 10.7 17.5 3.5 2 0 5 3 3
6282.7 -1552.2 -8.1 273 1 10.7 12.3 17.5 0.0 0 1 5 4 4
6048.3 -1121.1 -11.6 357 0 8.7 9.6 10.5 3.5 2 1 3 0 0
6268.7 -1785.9 -10.8 181 1 12.1 10.3 17.5 3.5 2 0 5 3 3
5233.7 480.4 -19.5 210 0 36.3 11.7 7.0 3.5 2 0 2 4 4
6205.3 824.4 -2.0 313 0 10.9 29.9 7.0 3.5 2 1 2 2 2
5679.6 1317.0 -8.9 38 0 18.6 18.2 17.5 3.5 99 0 5 5 5
5747.0 -46.2 -16.1 261 0 31.8 8.7 17.5 3.5 2 0 5 1 1
5808.7 -35.9 -14.7 260 0 36.0 9.0 17.5 3.5 2 0 5 2 2
5761.5 -28.9 -15.0 81 0 14.2 87.7 7.0 0.0 0 1 2 2 2
5756.4 1262.3 -15.4 352 0 16.4 57.6 17.5 0.0 0 1 5 4 4
6427.3 -1533.8 -8.6 179 0 17.5 24.8 3.5 3.5 2 1 1 1 1
6422.7 -1510.2 -8.6 178 0 8.7 26.6 3.5 3.5 4 1 1 2 2
6916.0 2029.6 -4.8 203 0 6.5 45.4 17.5 0.0 0 1 5 1 1
5735.4 912.4 -13.8 206 0 19.9 15.0 17.5 3.5 2 0 5 0 0
5727.0 -2793.7 -23.1 75 0 19.6 26.1 10.0 2.5 2 1 4 5 5
5810.9 1372.8 -10.4 53 0 12.9 9.5 3.5 3.5 2 0 1 4 4
5118.0 1247.9 -5.2 95 0 24.8 32.0 7.0 0.0 0 1 2 5 5
5689.6 1334.9 -7.3 128 0 12.1 8.3 7.0 3.5 2 0 2 1 1
5665.8 1290.3 -10.9 38 0 8.5 12.3 7.0 3.5 4 1 2 4 4
5829.1 1427.7 -8.6 54 0 8.8 10.0 3.5 3.5 2 1 1 2 2
5621.5 1107.1 -15.0 287 0 12.1 13.1 10.5 3.5 2 1 3 2 2
6431.2 1215.8 2.9 139 0 11.0 23.3 17.5 3.5 2 1 5 2 2
6426.8 1201.4 3.3 320 0 11.0 6.6 17.5 3.5 2 0 5 2 2
6435.7 1191.0 3.2 321 0 11.3 6.1 17.5 3.5 2 0 5 0 0
6414.3 1226.8 2.5 140 0 8.0 32.2 17.5 0.0 0 1 5 0 0
6489.2 1220.6 3.0 50 0 14.8 37.0 17.5 0.0 0 1 5 5 5
6487.6 -477.7 -3.9 313 0 9.3 25.1 3.5 3.5 2 1 1 3 3
6450.0 -528.7 -4.3 122 0 12.0 30.5 7.0 3.5 2 1 2 2 2
6397.0 -490.6 -6.0 144 0 25.4 84.9 7.0 0.0 0 1 2 2 2
6440.2 -398.3 -6.2 79 0 7.7 33.5 3.5 3.5 4 1 1 5 5
6427.2 -352.9 -6.4 222 0 9.0 14.4 3.5 3.5 4 1 1 2 2
6376.5 -454.5 -6.5 222 0 17.3 24.5 14.0 3.5 2 1 4 2 2
6020.1 3037.2 6.9 37 0 11.3 17.4 10.5 3.5 2 0 3 5 5
5455.9 575.3 -16.0 359 0 7.5 24.4 7.0 0.0 0 1 2 3 3
5453.8 584.6 -15.9 29 0 7.8 12.3 7.0 3.5 2 1 2 2 2
5400.0 578.5 -18.0 125 0 47.7 68.7 7.0 0.0 0 1 2 5 5
5485.4 596.9 -14.8 297 0 13.4 35.8 7.0 0.0 0 1 2 1 1
5460.2 564.6 -14.8 206 0 8.8 17.2 7.0 3.5 4 1 2 1 1
5169.3 2027.5 -8.6 91 0 16.0 13.6 14.0 3.5 2 0 4 0 0
5112.9 1002.1 -6.5 108 0 8.5 25.8 17.5 0.0 0 1 5 0 0
5186.4 1270.1 -0.2 178 0 11.4 7.1 17.5 3.5 2 0 5 1 1
5218.2 1247.7 -1.2 88 0 68.0 14.0 17.5 3.5 2 0 5 1 1
5110.3 1357.7 -5.0 180 0 70.1 13.9 17.5 3.5 2 0 5 1 1
5143.4 1322.5 -2.7 177 0 10.6 23.7 17.5 3.5 2 1 5 5 5
5168.7 1339.9 -2.2 359 0 11.4 7.2 17.5 3.5 2 0 5 3 3
5167.2 1375.9 -3.0 359 0 32.5 9.7 17.5 3.5 2 0 5 2 2
5168.8 1352.2 -2.5 355 0 9.7 9.3 17.5 3.5 4 0 5 4 4
5142.5 1351.8 -3.2 180 0 11.2 10.2 17.5 3.5 2 0 5 4 4
5141.5 1390.1 -3.7 177 0 12.4 9.2 17.5 3.5 2 0 5 5 5
5293.6 1479.2 -1.9 84 0 8.2 8.2 17.5 3.5 2 0 5 5 5
5279.6 1476.5 -2.5 79 0 17.2 7.9 17.5 3.5 2 0 5 3 3
5265.7 1472.7 -2.7 81 0 6.6 9.3 17.5 3.5 2 1 5 5 5
5256.2 1501.6 -2.8 259 0 11.5 11.7 17.5 0.0 0 1 5 4 4
5175.5 1806.9 -4.0 270 0 14.7 18.7 17.5 0.0 0 1 5 5 5
5176.2 1757.1 -4.2 91 0 8.1 17.2 17.5 3.5 2 1 5 0 0
5145.4 1754.5 -7.1 89 0 39.0 13.4 17.5 3.5 2 0 5 3 3
5122.0 1806.8 -8.0 271 0 37.3 16.9 17.5 3.5 2 0 5 3 3
5106.0 1758.0 -8.5 91 0 10.9 30.7 17.5 0.0 0 1 5 3 3
5189.9 2107.1 -8.4 1 0 18.5 11.2 14.0 3.5 2 0 4 1 1
5192.0 2072.0 -7.6 2 0 46.7 13.9 14.0 3.5 2 0 4 1 1
5188.3 2032.4 -7.4 360 0 13.4 8.6 14.0 3.5 2 0 4 5 5
5144.4 2025.6 -10.5 93 0 28.5 15.8 14.0 3.5 2 0 4 2 2
5181.0 2223.1 -9.5 6 0 8.3 8.5 10.5 3.5 2 1 3 5 5
5179.4 2209.1 -9.7 4 0 10.2 8.5 10.5 0.0 0 0 3 5 5
5177.9 2193.5 -9.9 1 0 9.9 9.2 10.5 3.5 2 0 3 5 5
5133.8 2215.6 -10.7 182 0 10.9 10.7 10.5 3.5 2 0 3 5 5
5136.4 2228.0 -10.6 183 0 10.4 10.8 10.5 0.0 0 1 3 1 1
5136.9 2240.8 -10.7 185 0 10.5 12.1 10.5 3.5 2 1 3 3 3
5138.4 2252.8 -10.7 184 0 10.7 12.2 10.5 3.5 2 1 3 1 1
5138.7 2265.4 -10.8 183 0 10.9 12.7 10.5 3.5 2 1 3 0 0
5193.5 2317.3 -9.0 276 0 14.5 8.2 10.5 3.5 2 0 3 1 1
5200.5 2346.7 -8.9 12 0 11.9 9.9 14.0 3.5 2 0 4 4 4
5204.4 2334.0 -8.9 9 0 8.6 14.7 14.0 0.0 0 1 4 4 4
5373.0 2221.5 -4.8 8 0 6.5 10.0 14.0 3.5 2 1 4 3 3
5374.5 2274.1 -5.0 281 0 7.7 14.3 14.0 3.5 4 1 4 5 5
5406.5 2272.1 -4.4 282 0 14.0 18.7 14.0 3.5 2 1 4 1 1
5397.4 2235.6 -3.9 191 0 10.2 10.9 14.0 0.0 0 1 4 0 0
5419.6 2264.7 -3.8 280 0 8.0 13.4 14.0 3.5 2 1 4 3 3
5431.6 2262.2 -3.4 281 0 8.4 14.2 14.0 3.5 2 1 4 2 2
5445.5 2260.5 -2.9 280 0 7.2 10.7 14.0 3.5 2 1 4 5 5
5469.1 2256.2 -2.1 279 0 8.2 11.5 14.0 3.5 2 1 4 0 0
5481.8 2254.3 -1.7 281 0 7.2 11.5 14.0 3.5 2 1 4 5 5
5492.9 2251.8 -1.5 283 0 8.0 10.0 14.0 3.5 2 1 4 4 4
5505.4 2250.1 -1.2 282 0 8.4 11.2 14.0 0.0 0 1 4 0 0
5517.2 2250.3 -0.9 283 0 7.9 15.8 14.0 3.5 2 1 4 0 0
5535.8 2238.4 -0.6 11 0 10.3 12.6 14.0 3.5 2 1 4 4 4
5528.5 2202.3 -0.2 9 0 7.3 14.4 14.0 3.5 2 1 4 3 3
5514.9 2182.8 -0.0 100 0 10.2 14.5 14.0 3.5 2 1 4 1 1
5501.1 2186.7 -0.3 99 0 11.9 10.6 14.0 3.5 2 0 4 0 0
5486.0 2189.3 -0.7 98 0 12.9 13.3 14.0 3.5 2 1 4 2 2
5471.5 2192.4 -1.1 102 0 11.1 15.4 14.0 3.5 2 1 4 2 2
5456.7 2194.6 -1.7 98 0 11.7 16.0 14.0 3.5 2 1 4 5 5
5442.2 2197.4 -2.2 98 0 13.9 15.2 14.0 3.5 2 1 4 5 5
5425.9 2200.5 -2.7 99 0 11.1 15.0 14.0 0.0 0 1 4 1 1
5411.9 2202.5 -3.2 97 0 12.1 12.7 14.0 3.5 4 1 4 0 0
5390.2 2216.1 -3.8 192 0 18.3 14.8 14.0 3.5 2 0 4 3 3
5372.9 2122.4 -2.6 190 0 13.3 9.2 17.5 3.5 2 0 5 4 4
5379.7 2141.3 -2.7 194 0 12.6 8.7 17.5 3.5 2 0 5 1 1
5386.1 2154.6 -2.8 194 0 10.5 7.4 17.5 3.5 2 0 5 2 2
5391.1 2178.8 -3.2 279 0 11.6 9.7 17.5 3.5 4 0 5 5 5
5420.6 2170.7 -2.1 281 0 10.3 11.7 17.5 3.5 2 1 5 4 4
5434.1 2168.0 -1.7 282 0 10.3 12.6 17.5 3.5 2 1 5 4 4
5450.7 2164.8 -1.1 279 0 11.1 15.6 17.5 3.5 2 1 5 1 1
5490.9 2092.9 0.5 95 0 10.2 15.4 17.5 3.5 2 1 5 2 2
5469.3 2101.5 0.1 105 0 13.0 8.9 17.5 0.0 0 0 5 4 4
5453.0 2099.8 -0.1 98 0 11.5 11.9 17.5 3.5 2 1 5 1 1
5439.4 2102.7 -0.5 100 0 10.7 10.1 17.5 3.5 2 0 5 2 2
5423.6 2105.5 -1.0 99 0 11.6 10.9 17.5 3.5 2 0 5 1 1
5407.6 2108.4 -1.6 98 0 10.4 15.0 17.5 3.5 2 1 5 2 2
5395.2 2111.0 -1.9 101 0 8.3 11.5 17.5 0.0 0 1 5 0 0
5362.4 2075.0 -2.1 189 0 17.4 14.4 17.5 3.5 2 0 5 0 0
5386.4 2080.2 -1.6 277 0 12.6 14.8 17.5 3.5 2 1 5 5 5
5353.8 2023.1 -1.5 181 0 8.9 14.7 17.5 3.5 2 1 5 5 5
5378.7 2013.9 -1.0 92 0 10.2 17.3 17.5 3.5 2 1 5 5 5
5403.9 2077.0 -1.0 275 0 8.7 7.2 17.5 3.5 2 0 5 0 0
5414.5 2073.6 -0.6 274 0 8.7 8.8 17.5 0.0 0 1 5 4 4
5446.6 2061.2 -0.0 280 0 10.8 7.2 17.5 3.5 2 0 5 0 0
5460.2 2064.7 0.2 281 0 8.5 11.2 17.5 3.5 2 1 5 5 5
5455.4 1981.7 0.5 272 0 11.0 12.9 17.5 3.5 4 1 5 3 3
5439.5 1984.5 0.2 270 0 15.5 14.0 17.5 3.5 2 0 5 3 3
5439.1 2009.9 0.0 95 0 13.9 11.3 17.5 3.5 2 0 5 3 3
5410.8 2013.2 -0.4 92 0 9.8 13.2 17.5 3.5 2 1 5 4 4
5395.2 2013.8 -0.6 93 0 11.8 15.2 17.5 3.5 2 1 5 2 2
5411.8 1984.9 -0.5 273 0 33.1 13.1 17.5 3.5 2 0 5 4 4
5384.5 1986.8 -0.8 271 0 14.5 12.3 17.5 3.5 2 0 5 0 0
5366.7 1987.7 -1.4 274 0 15.8 12.4 17.5 3.5 2 0 5 3 3
5352.2 1988.3 -1.7 274 0 8.2 12.8 17.5 3.5 2 1 5 2 2
5330.3 1991.3 -2.5 274 0 15.8 13.9 17.5 3.5 2 0 5 1 1
5329.6 2030.6 -2.7 9 0 16.8 11.7 17.5 3.5 4 0 5 2 2
5301.7 2018.9 -3.4 92 0 14.5 15.1 17.5 3.5 2 1 5 2 2
5280.7 2022.6 -4.0 91 0 11.1 12.3 17.5 3.5 2 1 5 2 2
5264.9 2023.9 -4.5 92 0 9.1 13.0 17.5 3.5 2 1 5 5 5
5252.6 2025.2 -4.9 91 0 11.9 13.6 17.5 3.5 4 1 5 2 2
5247.5 1996.6 -5.0 273 0 16.7 12.2 17.5 3.5 4 0 5 2 2
5265.6 1995.4 -4.4 272 0 15.4 13.0 17.5 3.5 2 0 5 2 2
5284.2 1995.1 -3.8 271 0 14.9 13.8 17.5 3.5 2 0 5 3 3
5241.0 1927.7 -4.7 182 0 9.5 14.2 17.5 3.5 2 1 5 0 0
5264.4 1922.0 -4.4 91 0 15.9 15.2 17.5 3.5 2 0 5 4 4
5276.3 1903.7 -3.8 273 0 77.4 23.1 17.5 0.0 0 0 5 1 1
5321.6 1896.5 -2.6 271 0 9.2 13.0 17.5 3.5 4 1 5 4 4
5282.9 1923.5 -3.8 93 0 14.4 10.8 17.5 3.5 2 0 5 2 2
5300.6 1920.9 -3.3 91 0 14.3 21.0 17.5 3.5 2 1 5 5 5
5319.1 1920.8 -2.7 92 0 14.2 16.2 17.5 3.5 2 1 5 0 0
5337.1 1919.7 -2.2 93 0 16.7 15.8 17.5 3.5 2 0 5 3 3
5355.9 1918.7 -1.7 91 0 15.7 13.9 17.5 3.5 2 0 5 4 4
5560.0 1974.8 2.6 103 0 9.9 12.6 17.5 3.5 2 1 5 4 4
5546.5 1976.5 2.1 100 0 12.6 13.6 17.5 3.5 2 1 5 1 1
5544.8 1948.5 1.1 281 0 14.7 15.6 17.5 3.5 2 1 5 3 3
5526.5 1952.6 1.1 282 0 16.4 16.5 17.5 3.5 2 1 5 5 5
5498.0 1947.7 0.9 280 0 6.3 11.7 17.5 3.5 2 1 5 4 4
5511.7 1954.3 1.1 279 0 9.3 13.2 17.5 3.5 4 1 5 0 0
5482.0 1950.1 0.8 278 0 12.5 16.3 17.5 3.5 2 1 5 0 0
5502.7 1901.1 0.5 101 0 6.1 9.0 17.5 3.5 2 1 5 5 5
5609.1 1870.3 3.0 95 0 8.9 8.8 17.5 3.5 2 0 5 5 5
5647.7 1907.4 4.2 18 0 6.1 9.9 17.5 3.5 2 1 5 5 5
5649.7 1913.2 4.2 18 0 6.1 9.9 17.5 3.5 2 1 5 5 5
5609.7 1920.0 2.7 285 0 7.6 15.2 17.5 3.5 2 1 5 5 5
5613.7 1934.7 2.7 279 0 12.9 12.7 17.5 3.5 2 0 5 2 2
5576.6 1972.1 3.0 98 0 8.8 11.1 17.5 0.0 0 1 5 1 1
5591.4 1969.2 3.3 101 0 12.5 8.2 17.5 3.5 4 0 5 5 5
5606.1 1966.0 3.6 98 0 12.3 8.8 17.5 3.5 2 0 5 4 4
5621.2 1965.2 3.9 99 0 9.5 17.1 17.5 3.5 2 1 5 0 0
5152.8 725.7 -8.8 204 0 10.0 22.5 14.0 3.5 2 1 4 1 1
6311.4 3792.1 12.5 192 0 15.2 99.9 14.0 0.0 0 1 4 4 4
5271.5 854.8 -7.0 92 0 10.1 18.9 14.0 3.5 2 1 4 3 3
5254.1 860.5 -6.6 92 0 17.9 9.4 10.5 3.5 2 0 3 4 4
5234.9 861.8 -6.5 91 0 13.8 9.8 10.5 3.5 2 0 3 4 4
5090.6 1941.0 -14.7 270 0 45.5 42.4 17.5 0.0 0 0 5 5 5
5681.6 1996.8 4.7 19 0 46.1 19.1 17.5 3.5 2 0 5 2 2
5448.8 1312.8 1.7 203 0 12.2 25.1 17.5 3.5 2 1 5 4 4
5151.4 1256.5 -5.0 90 0 40.2 42.7 3.5 0.0 0 1 1 5 5
6903.0 -1361.4 -2.0 97 0 6.6 9.0 14.0 3.5 2 1 4 3 3
6890.5 -1363.0 -2.4 100 0 13.8 6.6 14.0 3.5 2 0 4 4 4
6864.4 -1360.8 -2.9 96 0 9.3 7.5 14.0 3.5 2 0 4 4 4
6425.1 -1806.9 -9.2 274 0 15.7 9.5 17.5 3.5 2 0 5 4 4
6476.8 -1815.3 -8.4 45 0 15.0 9.6 17.5 3.5 4 0 5 3 3
6474.1 -1830.6 -8.8 0 0 11.3 8.6 17.5 3.5 2 0 5 4 4
6479.7 -1846.7 -9.0 297 0 11.8 8.5 17.5 3.5 2 0 5 4 4
6496.1 -1849.6 -9.0 269 0 11.9 8.4 17.5 3.5 2 0 5 4 4
6510.5 -1847.0 -8.9 270 0 13.8 7.5 17.5 3.5 2 0 5 1 1
6492.7 -1813.2 -8.1 91 0 7.8 12.7 17.5 3.5 2 1 5 5 5
6504.3 -1813.4 -8.1 90 0 7.9 12.9 17.5 3.5 2 1 5 4 4
6513.9 -1813.2 -8.1 90 0 7.5 13.1 17.5 3.5 4 1 5 0 0
6526.8 -1813.0 -8.0 91 0 7.5 13.1 17.5 3.5 4 1 5 2 2
6536.5 -1812.9 -8.0 89 0 7.6 13.4 17.5 3.5 4 1 5 2 2
6529.3 -1841.3 -8.8 270 0 14.8 10.6 17.5 3.5 2 0 5 3 3
6549.2 -1839.9 -8.8 270 0 14.3 10.6 17.5 3.5 2 0 5 4 4
6569.2 -1839.9 -8.7 271 0 15.2 11.2 17.5 3.5 2 0 5 5 5
6591.0 -1853.5 -8.8 63 0 7.1 13.3 17.5 3.5 2 1 5 1 1
6565.9 -1813.9 -8.1 0 0 8.0 12.6 17.5 0.0 0 1 5 3 3
6565.7 -1798.9 -7.8 357 0 14.8 10.4 17.5 3.5 2 0 5 0 0
6565.1 -1779.6 -7.7 358 0 15.7 10.6 17.5 3.5 2 0 5 2 2
6564.1 -1760.2 -7.7 357 0 14.1 10.5 17.5 3.5 2 0 5 3 3
6557.1 -1741.1 -7.7 271 0 11.8 7.7 17.5 0.0 0 0 5 5 5
6553.4 -1722.0 -8.0 90 0 11.1 8.6 17.5 3.5 2 0 5 1 1
6571.1 -1718.6 -7.9 90 0 11.3 8.4 17.5 3.5 2 0 5 2 2
6584.7 -1713.3 -7.8 91 0 8.1 11.4 17.5 3.5 2 1 5 3 3
6601.5 -1731.2 -7.6 196 0 7.8 11.5 17.5 3.5 2 1 5 1 1
6590.6 -1741.6 -7.6 188 0 7.1 11.8 17.5 3.5 2 1 5 0 0
6586.8 -1758.0 -7.6 177 0 15.2 10.8 17.5 3.5 2 0 5 0 0
6588.6 -1778.6 -7.6 178 0 14.9 11.8 17.5 3.5 4 0 5 5 5
6588.3 -1797.9 -7.6 182 0 15.3 11.7 17.5 3.5 2 0 5 4 4
6588.2 -1818.7 -8.2 180 0 16.0 11.8 17.5 3.5 4 0 5 4 4
6591.5 -1836.1 -8.4 194 0 7.5 12.5 17.5 3.5 2 1 5 5 5
6640.9 -1827.3 -8.4 269 0 15.6 15.1 17.5 3.5 2 0 5 3 3
6671.3 -1826.5 -8.3 271 0 16.3 15.3 17.5 3.5 2 0 5 5 5
6715.4 -1778.9 -6.8 1 0 14.7 11.1 17.5 3.5 4 0 5 2 2
6596.7 -1660.2 -7.6 272 0 16.3 7.0 3.5 0.0 0 0 1 1 1
6567.7 -1657.9 -7.9 271 0 18.7 11.9 17.5 3.5 2 0 5 2 2
6546.5 -1657.9 -8.1 271 0 17.1 11.2 17.5 3.5 2 0 5 1 1
6529.4 -1657.8 -8.2 274 0 10.1 11.9 17.5 3.5 2 1 5 1 1
6513.2 -1658.1 -8.3 287 0 14.7 9.0 17.5 3.5 2 0 5 4 4
6499.8 -1648.6 -7.9 326 0 13.0 7.6 17.5 3.5 2 0 5 5 5
6496.6 -1632.0 -7.1 360 0 10.3 12.1 17.5 3.5 2 1 5 1 1
6496.7 -1615.8 -7.1 359 0 17.3 13.5 17.5 0.0 0 0 5 4 4
6496.2 -1593.7 -7.9 0 0 16.6 12.6 17.5 3.5 2 0 5 3 3
6492.1 -1574.6 -8.5 359 0 9.1 8.1 17.5 3.5 2 0 5 1 1
6492.0 -1562.1 -8.7 359 0 9.9 8.6 17.5 3.5 2 0 5 4 4
6493.9 -1547.0 -8.7 359 0 14.8 13.8 17.5 3.5 2 0 5 1 1
6492.6 -1529.1 -8.4 360 0 15.7 13.4 17.5 3.5 4 0 5 1 1
6485.9 -1511.4 -8.1 268 0 13.1 7.7 17.5 3.5 2 0 5 4 4
6496.9 -1488.7 -7.7 2 0 15.5 13.1 17.5 3.5 2 0 5 0 0
6499.2 -1468.4 -7.7 3 0 16.0 14.1 17.5 3.5 4 0 5 1 1
6467.1 -1468.0 -7.9 273 0 15.9 13.5 17.5 3.5 2 0 5 0 0
6452.7 -1469.0 -8.0 271 0 8.0 14.6 17.5 3.5 2 1 5 5 5
6445.2 -1450.5 -8.1 6 0 7.1 10.1 17.5 3.5 2 1 5 5 5
6446.1 -1437.6 -8.1 3 0 13.7 8.5 17.5 3.5 2 0 5 4 4
6475.2 -1436.4 -7.9 56 0 12.7 8.2 17.5 3.5 2 0 5 3 3
6490.5 -1435.1 -7.7 90 0 13.1 8.2 17.5 3.5 2 0 5 0 0
6508.4 -1435.7 -7.5 91 0 12.2 8.5 17.5 3.5 2 0 5 3 3
6607.9 -1432.3 -6.4 4 0 13.7 7.3 17.5 3.5 2 0 5 1 1
6603.5 -1458.7 -6.6 271 0 6.8 12.4 10.5 3.5 2 1 3 4 4
6596.0 -1483.3 -6.8 2 0 10.4 12.6 10.5 3.5 2 1 3 1 1
6598.2 -1498.0 -6.8 1 0 11.0 11.1 10.5 3.5 2 1 3 1 1
6579.3 -1560.7 -7.0 173 0 8.0 13.1 10.5 0.0 0 1 3 4 4
6570.5 -1561.2 -7.3 83 0 13.2 8.0 10.5 3.5 2 0 3 4 4
6561.5 -1578.3 -7.6 352 0 28.0 8.5 10.5 3.5 2 0 3 0 0
6573.6 -1592.0 -7.3 262 0 13.3 8.4 10.5 3.5 2 0 3 5 5
6591.3 -1590.6 -7.0 277 0 12.8 7.5 10.5 3.5 2 0 3 4 4
6617.5 -1590.0 -6.9 269 0 13.0 6.8 10.5 3.5 2 0 3 4 4
6617.6 -1607.5 -6.9 5 0 11.0 8.6 10.5 3.5 2 0 3 1 1
6583.1 -1606.5 -7.0 266 0 6.8 17.6 10.5 3.5 2 1 3 1 1
6609.7 -1637.3 -7.2 3 0 7.1 27.3 3.5 3.5 2 1 1 1 1
6565.9 -1639.2 -7.4 93 0 17.0 12.7 3.5 3.5 2 0 1 0 0
6544.0 -1638.4 -7.4 94 0 16.4 13.2 3.5 3.5 2 0 1 0 0
6517.4 -1630.0 -7.2 181 0 12.6 15.4 3.5 3.5 2 1 1 0 0
6516.9 -1608.3 -7.5 179 0 17.4 12.6 3.5 3.5 2 0 1 0 0
6516.3 -1583.9 -8.2 181 0 16.7 12.4 3.5 3.5 2 0 1 1 1
6515.9 -1539.3 -8.1 180 0 15.8 9.6 10.5 3.5 2 0 3 1 1
6516.0 -1519.8 -7.7 182 0 12.3 9.2 10.5 3.5 2 0 3 1 1
6517.2 -1502.3 -7.4 183 0 12.0 8.4 10.5 3.5 2 0 3 0 0
6517.9 -1484.7 -7.4 181 0 12.2 8.6 10.5 0.0 0 0 3 0 0
6530.8 -1458.2 -7.3 270 0 12.5 8.0 10.5 0.0 0 0 3 0 0
6527.3 -1434.9 -7.4 94 0 12.7 7.6 17.5 3.5 2 0 5 5 5
6544.9 -1437.7 -7.2 90 0 11.9 10.0 17.5 3.5 2 0 5 4 4
6548.2 -1456.9 -7.2 272 0 12.7 8.2 10.5 0.0 0 0 3 3 3
6567.7 -1456.1 -7.0 272 0 17.2 12.6 10.5 3.5 2 0 3 3 3
6588.2 -1456.6 -6.8 272 0 17.2 12.6 10.5 3.5 4 0 3 3 3
6564.1 -1438.2 -7.1 92 0 17.2 12.6 17.5 3.5 4 0 5 3 3
6586.3 -1438.1 -6.8 92 0 17.2 12.6 17.5 0.0 0 0 5 0 0
6580.8 -1401.3 -6.5 275 0 13.9 8.3 17.5 3.5 4 0 5 0 0
6562.8 -1399.6 -6.8 274 0 13.6 8.0 17.5 3.5 2 0 5 0 0
6545.8 -1397.7 -7.0 275 0 12.7 7.7 17.5 0.0 0 0 5 4 4
6528.5 -1395.9 -7.3 276 0 13.4 8.1 17.5 3.5 2 0 5 5 5
6502.4 -1389.1 -7.6 275 0 11.8 13.8 17.5 3.5 4 1 5 4 4
6508.8 -1366.5 -7.1 95 0 13.6 8.0 17.5 0.0 0 0 5 5 5
6545.5 -1370.7 -6.6 93 0 12.3 8.1 17.5 3.5 2 0 5 4 4
6635.4 -1464.2 -6.2 92 0 8.1 13.1 14.0 3.5 2 1 4 5 5
6631.7 -1439.5 -5.9 181 0 11.4 7.8 14.0 3.5 2 0 4 3 3
6631.9 -1420.0 -5.7 183 0 14.3 7.5 14.0 3.5 2 0 4 5 5
6762.0 -1370.0 -4.9 274 0 7.4 10.2 14.0 3.5 2 1 4 3 3
6749.2 -1364.5 -4.7 271 0 13.6 6.3 14.0 3.5 2 0 4 0 0
6716.9 -1372.0 -4.5 271 0 11.5 8.4 14.0 3.5 2 0 4 0 0
6731.6 -1371.5 -4.5 275 0 12.8 7.9 14.0 3.5 2 0 4 4 4
6685.5 -1407.7 -5.1 7 0 6.0 8.1 14.0 3.5 2 1 4 0 0
6683.6 -1419.5 -5.4 8 0 12.7 7.4 14.0 3.5 2 0 4 2 2
6679.9 -1434.5 -5.6 6 0 12.0 8.0 14.0 3.5 2 0 4 1 1
6690.5 -1449.6 -5.8 275 0 12.2 7.5 14.0 3.5 2 0 4 2 2
6705.6 -1440.0 -5.6 188 0 15.5 7.6 14.0 3.5 2 0 4 3 3
6705.6 -1422.1 -5.3 187 0 12.4 7.4 14.0 0.0 0 0 4 0 0
6707.2 -1407.5 -5.0 186 0 11.3 7.9 14.0 3.5 2 0 4 2 2
6772.2 -1393.4 -4.9 1 0 7.2 11.9 14.0 3.5 2 1 4 0 0
6766.0 -1420.0 -4.8 91 0 6.3 12.2 14.0 3.5 2 1 4 5 5
6752.9 -1418.8 -5.0 50 0 12.4 10.4 14.0 3.5 2 0 4 1 1
6754.9 -1437.2 -5.3 0 0 12.9 14.6 14.0 3.5 2 1 4 4 4
6750.0 -1451.5 -5.5 314 0 6.7 10.3 14.0 3.5 2 1 4 2 2
6759.1 -1454.4 -5.4 298 0 7.0 11.3 14.0 3.5 2 1 4 2 2
6766.9 -1459.0 -5.0 178 0 11.3 12.7 14.0 3.5 2 1 4 5 5
6787.5 -1453.2 -4.7 268 0 8.1 13.8 14.0 3.5 2 1 4 1 1
6797.1 -1456.3 -4.5 267 0 6.6 11.2 14.0 3.5 2 1 4 5 5
6808.7 -1457.9 -4.2 237 0 7.1 12.1 14.0 3.5 4 1 4 0 0
6812.2 -1441.0 -4.1 186 0 12.9 11.6 14.0 3.5 2 0 4 4 4
6811.1 -1425.0 -4.2 105 0 11.4 11.8 14.0 3.5 2 1 4 4 4
6787.7 -1420.0 -4.6 189 0 10.8 12.9 14.0 3.5 2 1 4 0 0
6807.7 -1365.7 -4.3 275 0 12.9 15.2 14.0 0.0 0 1 4 3 3
6870.0 -1373.6 -3.1 280 0 35.0 7.1 14.0 3.5 2 0 4 2 2
6824.9 -1376.3 -3.9 275 0 12.1 7.9 14.0 3.5 2 0 4 3 3
6843.0 -1424.0 -3.6 0 0 19.2 7.8 14.0 3.5 2 0 4 4 4
6841.6 -1438.2 -3.5 269 0 6.4 13.5 14.0 3.5 2 1 4 5 5
6855.6 -1466.6 -3.5 39 0 10.4 15.2 14.0 3.5 2 1 4 1 1
6874.6 -1461.6 -2.8 182 0 11.9 8.1 14.0 3.5 2 0 4 1 1
6895.2 -1455.7 -2.6 272 0 14.8 12.6 14.0 0.0 0 0 4 2 2
6914.6 -1457.9 -2.4 272 0 14.8 12.6 14.0 3.5 2 0 4 2 2
6933.4 -1459.9 -2.3 272 0 14.8 12.6 14.0 3.5 2 0 4 3 3
6941.5 -1430.1 -1.7 2 0 12.6 14.8 14.0 3.5 2 1 4 4 4
6914.7 -1434.2 -2.1 92 0 14.8 12.6 14.0 3.5 2 0 4 2 2
6895.1 -1432.9 -2.5 92 0 14.8 12.6 14.0 3.5 2 0 4 5 5
6938.1 -2422.8 -6.5 2 0 12.4 81.1 10.5 3.5 2 1 3 0 0
6768.2 -2284.4 -9.3 181 0 14.2 82.9 10.5 3.5 2 1 3 0 0
6774.8 -2315.2 -8.9 270 0 9.2 38.6 14.0 3.5 2 1 4 0 0
6575.4 -2244.6 -14.3 182 0 7.6 8.9 14.0 3.5 2 1 4 1 1
6609.1 -2208.3 -14.4 272 0 11.4 8.0 14.0 3.5 2 0 4 5 5
6594.3 -2209.9 -14.7 270 0 11.5 8.2 14.0 0.0 0 0 4 0 0
6581.2 -2210.7 -14.8 265 0 9.3 6.7 14.0 3.5 2 0 4 3 3
6550.3 -2191.5 -15.0 90 0 15.7 8.4 17.5 3.5 2 0 5 3 3
6529.0 -2192.8 -14.7 92 0 11.7 8.6 17.5 3.5 2 0 5 1 1
6389.7 -2192.7 -14.5 92 0 27.6 11.5 17.5 0.0 0 0 5 0 0
6417.9 -2162.5 -13.3 1 0 20.6 8.1 17.5 3.5 2 0 5 2 2
6371.0 -2203.8 -15.1 268 0 14.3 13.9 17.5 3.5 2 0 5 2 2
6610.7 -2750.5 -11.9 347 0 23.6 79.5 14.0 0.0 0 1 4 2 2
6675.2 -2726.6 -9.9 349 0 11.4 49.8 14.0 3.5 2 1 4 5 5
6646.5 -2709.2 -9.6 78 0 48.6 11.5 14.0 3.5 2 0 4 4 4
6768.5 -2699.7 -9.8 357 0 24.6 8.7 14.0 3.5 2 0 4 3 3
6736.3 -2718.2 -9.8 83 0 8.3 10.7 14.0 3.5 4 1 4 3 3
6728.2 -2697.7 -9.8 181 0 11.2 7.8 14.0 3.5 2 0 4 0 0
6729.0 -2671.0 -9.8 268 0 11.7 8.8 14.0 3.5 2 0 4 2 2
6750.4 -2669.2 -9.9 265 0 23.0 8.7 14.0 3.5 2 0 4 0 0
6773.1 -2666.8 -9.9 267 0 10.6 9.2 14.0 3.5 2 0 4 5 5
6794.7 -2665.4 -9.8 267 0 21.8 9.0 14.0 3.5 2 0 4 0 0
6932.4 -2536.2 -7.2 269 0 10.6 96.4 14.0 3.5 2 1 4 3 3
6951.6 -2480.8 -5.9 180 0 11.2 79.5 14.0 3.5 2 1 4 3 3
6843.5 -2318.1 -8.6 271 0 9.9 38.2 10.5 3.5 2 1 3 5 5
6847.7 -2365.8 -8.1 2 0 12.1 12.6 10.5 3.5 2 1 3 3 3
6850.3 -2389.4 -7.5 2 0 13.1 7.6 10.5 3.5 2 0 3 3 3
6904.7 -2387.7 -6.6 3 0 9.4 12.5 14.0 3.5 2 1 4 2 2
6883.3 -2390.9 -6.8 92 0 11.4 8.0 14.0 3.5 2 0 4 0 0
6866.8 -2386.8 -7.0 183 0 9.2 7.3 14.0 3.5 2 0 4 0 0
6868.0 -2366.0 -7.7 178 0 11.4 8.2 14.0 3.5 2 0 4 0 0
6867.2 -2337.7 -8.5 179 0 39.5 8.0 14.0 3.5 2 0 4 5 5
6867.5 -2307.7 -8.7 182 0 13.4 8.2 14.0 3.5 2 0 4 3 3
6866.0 -2181.5 -10.6 173 0 11.0 45.4 14.0 3.5 2 1 4 2 2
6867.1 -2214.6 -9.9 179 0 33.6 9.1 14.0 3.5 2 0 4 2 2
6864.7 -2260.8 -9.1 182 0 10.2 44.2 14.0 3.5 2 1 4 0 0
6885.9 -2284.4 -8.9 273 0 33.9 9.7 14.0 3.5 2 0 4 5 5
6699.6 -2198.2 -12.3 268 0 19.8 7.1 10.5 3.5 4 0 3 0 0
6675.8 -2206.4 -12.6 177 0 6.9 12.6 10.5 3.5 4 1 3 5 5
6680.0 -2226.2 -12.2 269 0 6.9 22.1 14.0 0.0 0 1 4 1 1
6597.2 -2550.8 -8.7 346 0 51.4 8.5 14.0 3.5 2 0 4 2 2
6505.4 -2587.0 -9.6 165 0 14.2 31.0 14.0 3.5 2 1 4 0 0
6073.9 -1362.7 -9.9 359 0 11.5 14.2 10.5 3.5 2 1 3 3 3
6072.8 -1350.4 -10.2 359 0 11.5 14.2 10.5 3.5 2 1 3 4 4
6072.0 -1338.4 -10.4 359 0 11.5 14.2 10.5 3.5 2 1 3 2 2
6076.2 -1375.2 -9.7 1 0 11.5 14.2 10.5 3.5 2 1 3 0 0
6072.1 -1318.4 -10.5 359 0 11.5 14.2 10.5 3.5 2 1 3 3 3
5966.9 -1379.1 -10.3 91 0 9.8 10.4 7.0 3.5 2 1 2 4 4
5954.5 -1374.6 -10.5 91 0 9.8 10.4 10.5 3.5 2 1 3 4 4
5913.4 -1371.8 -11.2 91 0 9.8 10.4 7.0 3.5 2 1 2 2 2
5899.9 -1369.4 -11.4 91 0 9.8 10.4 7.0 3.5 2 1 2 4 4
5862.1 -1368.8 -12.2 90 0 18.0 9.4 7.0 3.5 2 0 2 3 3
6718.8 882.7 -3.1 51 0 11.7 41.2 14.0 0.0 0 1 4 0 0
6621.7 930.7 -2.8 142 0 17.4 55.0 14.0 0.0 0 1 4 4 4
6675.6 1052.3 1.1 233 0 17.9 31.0 14.0 3.5 4 1 4 4 4
6675.7 1004.3 0.4 50 0 7.7 36.9 14.0 0.0 0 1 4 0 0
6625.1 1046.1 1.3 232 0 9.1 27.7 14.0 3.5 2 1 4 2 2
6655.9 1076.7 2.3 276 0 35.2 27.3 14.0 3.5 4 0 4 4 4
6798.4 831.4 -8.8 231 0 29.6 27.0 7.0 3.5 2 0 2 1 1
6754.2 798.6 -8.5 274 0 13.1 27.8 14.0 0.0 0 1 4 3 3
6686.1 890.2 -4.5 321 0 21.9 30.8 14.0 3.5 2 1 4 3 3
5178.8 611.4 -14.7 27 0 31.2 13.9 17.5 3.5 4 0 5 4 4
5137.9 631.9 -12.5 117 0 32.2 11.7 17.5 3.5 2 0 5 1 1
6733.8 1002.0 -1.5 232 0 39.6 18.9 14.0 3.5 4 0 4 2 2
6565.6 901.2 -4.1 323 0 25.8 15.5 14.0 3.5 2 0 4 4 4
6562.0 925.6 -2.7 135 0 49.6 25.8 14.0 0.0 0 0 4 1 1
6573.7 975.9 -1.5 324 0 6.0 45.4 7.0 3.5 2 1 2 3 3
6549.0 998.0 -1.0 323 0 19.7 37.4 7.0 3.5 2 1 2 4 4
6543.1 1009.1 -0.3 1 0 6.7 34.7 7.0 0.0 0 1 2 5 5
5102.4 2362.3 -15.0 98 0 13.4 9.7 14.0 3.5 2 0 4 4 4
5834.8 -533.5 -13.7 52 0 10.3 43.1 17.5 3.5 2 1 5 4 4
5862.9 -600.4 -13.8 167 0 21.1 12.2 17.5 3.5 2 0 5 4 4
5624.2 1273.4 -8.8 35 0 6.8 10.1 7.0 3.5 4 1 2 3 3
5612.7 1260.0 -8.5 302 0 7.2 11.7 3.5 3.5 4 1 1 1 1
5904.5 1057.4 -6.0 236 1 10.5 11.2 17.5 3.5 2 1 5 3 3
5948.4 1016.4 -4.2 22 0 13.0 25.2 17.5 0.0 0 1 5 4 4
5949.9 821.8 -1.2 208 0 6.4 18.7 17.5 3.5 2 1 5 3 3
5500.2 901.0 -18.2 32 0 14.7 14.3 17.5 3.5 2 0 5 0 0
5853.0 540.4 -4.6 75 0 20.7 8.0 14.0 3.5 2 0 4 4 4
5869.9 528.7 -5.9 165 0 32.1 9.4 14.0 3.5 4 0 4 1 1
5917.4 527.9 -6.2 340 0 10.2 35.9 14.0 3.5 2 1 4 4 4
6252.4 318.7 -21.1 13 0 44.3 69.9 17.5 0.0 0 1 5 3 3
6087.0 324.4 -20.4 302 0 27.6 90.8 17.5 0.0 0 1 5 4 4
6271.5 2927.5 15.7 283 0 6.3 7.6 14.0 3.5 2 1 4 4 4
5071.0 1851.1 -15.7 359 0 7.8 7.5 7.5 2.5 2 0 3 4 4
5582.8 1185.9 -8.7 128 0 11.3 9.9 7.0 3.5 2 0 2 5 5
5806.5 1407.8 -8.4 56 0 11.1 6.2 7.0 3.5 2 0 2 4 4
6938.8 2331.1 -2.9 251 0 18.2 10.9 14.0 3.5 4 0 4 0 0
6950.5 2356.2 -1.5 254 0 19.0 10.6 14.0 3.5 2 0 4 3 3
5141.7 594.9 -16.7 127 0 10.0 83.2 17.5 0.0 0 1 5 4 4
5113.0 667.5 -11.8 207 0 13.5 17.2 17.5 3.5 2 1 5 5 5
5214.0 951.4 -4.2 92 0 16.2 24.0 7.0 3.5 4 1 2 5 5
5274.8 1106.3 -2.2 103 0 16.5 27.9 17.5 3.5 2 1 5 5 5
5321.4 1132.8 -1.1 12 0 11.8 10.6 17.5 3.5 2 0 5 3 3
5447.4 1439.1 1.9 358 0 9.5 19.1 14.0 3.5 2 1 4 4 4
6002.3 -14.4 -13.2 55 0 7.7 9.2 7.0 3.5 2 1 2 0 0
6034.4 4.5 -12.8 55 0 7.7 9.2 7.0 3.5 2 1 2 2 2
6040.3 8.7 -12.9 55 0 6.7 9.2 7.0 3.5 2 1 2 0 0
6097.1 41.0 -13.1 58 0 7.7 9.2 7.0 3.5 2 1 2 2 2
6112.9 50.6 -13.3 60 0 7.7 9.2 7.0 3.5 2 1 2 4 4
6135.3 62.4 -13.9 61 0 6.7 9.2 7.0 0.0 0 1 2 3 3
6145.3 67.6 -14.1 60 0 7.7 9.2 7.0 3.5 4 1 2 1 1
6151.6 71.1 -14.2 61 0 6.7 9.2 7.0 3.5 2 1 2 2 2
6161.4 76.2 -14.3 60 0 7.7 9.2 7.0 3.5 2 1 2 3 3
6177.7 83.8 -14.5 60 0 7.7 9.2 7.0 3.5 2 1 2 0 0
6199.9 96.8 -14.4 61 0 6.7 9.2 7.0 3.5 2 1 2 4 4
6209.8 101.6 -14.4 60 0 7.7 9.2 7.0 3.5 2 1 2 3 3
6241.1 119.0 -15.4 60 0 7.7 9.2 7.0 3.5 2 1 2 3 3
6258.7 127.1 -15.7 60 0 7.7 9.2 7.0 3.5 2 1 2 0 0
6265.0 130.7 -15.9 61 0 6.7 9.2 7.0 3.5 2 1 2 5 5
6281.7 146.2 -16.3 331 0 9.2 6.8 7.0 3.5 2 0 2 4 4
5973.7 -45.0 -13.3 306 0 7.4 44.6 17.5 3.5 2 1 5 1 1
5921.7 -50.7 -14.3 128 0 42.4 7.4 17.5 3.5 4 0 5 1 1
5611.4 1351.8 -2.9 211 0 7.5 15.0 7.0 3.5 4 1 2 0 0
5599.3 1331.8 -2.7 211 0 6.6 10.1 7.0 3.5 2 1 2 0 0
5595.8 1326.2 -2.8 212 0 6.6 10.1 7.0 3.5 2 1 2 1 1
5606.5 1344.6 -2.5 211 0 6.6 10.1 7.0 3.5 2 1 2 3 3
5615.9 1359.0 -2.4 212 0 6.6 10.1 7.0 0.0 0 1 2 5 5
5634.7 1390.8 -2.5 207 0 7.3 10.3 7.0 3.5 2 1 2 2 2
6294.1 1164.7 2.2 49 0 17.8 7.4 17.5 3.5 2 0 5 3 3
6688.3 -5130.2 -9.6 42 0 8.2 23.8 14.0 0.0 0 1 4 5 5
6243.3 -2553.7 -10.0 265 0 10.6 17.5 10.5 0.0 0 1 3 4 4
6182.1 1367.7 -10.9 51 0 10.7 13.4 17.5 0.0 0 1 5 4 4
6215.8 1391.7 -10.6 51 0 10.7 13.4 17.5 0.0 0 1 5 4 4
5743.2 -621.2 -22.0 65 0 11.0 75.3 7.0 3.5 2 1 2 1 1
6959.9 -983.2 -2.9 359 0 22.8 7.7 14.0 3.5 2 0 4 3 3
6947.8 -946.9 -2.9 269 0 7.7 22.8 14.0 3.5 2 1 4 0 0
6786.0 1121.6 3.5 127 0 18.0 85.5 14.0 0.0 0 1 4 2 2
6855.2 1208.6 4.4 308 0 8.3 29.0 14.0 3.5 2 1 4 0 0
6749.9 1244.5 4.6 221 0 8.3 92.0 14.0 3.5 2 1 4 4 4
6720.1 1223.1 4.2 219 0 61.3 6.3 14.0 3.5 2 0 4 0 0
5261.6 844.8 -7.6 272 0 7.9 9.4 14.0 0.0 0 1 4 4 4
5216.1 865.7 -6.6 1 0 22.5 10.9 10.5 3.5 2 0 3 2 2
6878.0 -7703.9 -31.7 326 0 26.1 42.4 10.0 0.0 0 1 4 1 1
6646.9 -6719.3 -28.8 169 0 8.4 6.6 5.0 2.5 2 0 2 0 0
5851.3 162.6 -22.6 64 0 17.4 12.6 17.5 3.5 2 0 5 3 3
5684.7 9.5 -20.4 81 0 37.3 23.7 3.5 3.5 2 0 1 2 2
5690.1 -15.8 -21.0 348 0 16.6 19.5 7.0 3.5 2 1 2 2 2
5698.1 70.2 -19.3 175 0 13.0 30.6 14.0 0.0 0 1 4 4 4
5663.8 57.8 -18.5 260 0 10.5 10.1 14.0 3.5 2 0 4 2 2
5463.3 486.4 -13.7 190 0 14.3 22.4 7.0 3.5 2 1 2 0 0
5360.8 602.8 -18.4 197 0 29.9 13.0 17.5 3.5 2 0 5 3 3
5675.2 204.1 -23.1 346 0 29.4 29.2 17.5 0.0 0 0 5 3 3
5690.9 90.4 -18.7 357 0 14.6 30.7 17.5 0.0 0 1 5 3 3
6028.5 391.3 -17.6 256 0 32.9 13.5 17.5 3.5 4 0 5 2 2
6148.5 357.0 -21.2 31 0 34.7 49.3 17.5 0.0 0 1 5 5 5
5990.9 634.2 -4.9 105 0 10.3 18.2 14.0 0.0 0 1 4 0 0
5898.1 648.4 -2.2 278 0 6.9 16.0 14.0 3.5 2 1 4 5 5
5713.6 664.4 -6.3 26 0 12.5 17.0 17.5 3.5 2 1 5 5 5
5713.7 672.3 -6.0 116 0 10.2 14.2 17.5 3.5 2 1 5 1 1
5726.2 684.1 -6.1 116 0 10.3 17.0 17.5 3.5 2 1 5 3 3
5737.5 722.5 -6.6 206 0 14.2 10.2 17.5 0.0 0 0 5 2 2
5755.3 721.3 -6.1 296 0 10.2 14.2 17.5 3.5 2 1 5 3 3
5734.0 707.2 -6.4 206 0 12.5 17.0 17.5 3.5 2 1 5 4 4
5729.8 742.5 -7.3 206 0 12.5 17.0 17.5 3.5 2 1 5 1 1
5762.5 726.2 -6.3 26 0 9.7 16.2 17.5 0.0 0 1 5 0 0
5751.9 533.8 -1.8 158 0 8.5 12.9 17.5 3.5 2 1 5 0 0
5715.4 633.7 -4.4 296 0 9.1 61.5 10.5 3.5 2 1 3 4 4
5527.5 589.3 -12.1 274 0 16.0 26.6 14.0 3.5 2 1 4 5 5
5531.7 595.3 -12.3 90 0 20.0 8.6 14.0 3.5 2 0 4 5 5
4983.6 1022.8 -17.6 181 0 21.9 34.1 3.5 3.5 2 1 1 4 4
6803.5 5156.0 -17.5 283 0 21.2 32.2 10.0 0.0 0 1 4 1 1
5830.6 -600.2 -15.2 76 0 6.4 6.5 3.5 3.5 2 1 1 2 2
4931.2 3521.1 -18.5 16 0 20.7 24.5 10.5 3.5 2 1 3 0 0
4938.1 3526.2 -26.4 6 0 16.0 50.5 10.5 0.0 0 1 3 4 4
5109.7 1290.8 -4.7 186 0 20.0 27.1 3.5 3.5 2 1 1 5 5
5091.8 801.2 -9.6 267 0 15.2 6.5 3.5 3.5 2 0 1 4 4
5748.5 -95.1 -16.8 166 0 36.0 23.5 3.5 3.5 2 0 1 3 3
5248.1 1947.3 -4.9 92 0 14.2 9.5 17.5 3.5 2 0 5 1 1
5679.4 3453.5 -0.3 294 0 10.4 44.5 14.0 3.5 2 1 4 3 3
5596.6 546.3 -6.7 185 0 24.6 16.0 14.0 3.5 2 0 4 2 2
5745.0 1040.6 -15.9 206 0 24.6 28.0 7.0 0.0 0 1 2 1 1
5656.0 803.3 -13.1 120 0 6.3 23.2 3.5 3.5 2 1 1 1 1
5809.0 138.9 -23.1 244 0 32.8 20.9 17.5 0.0 0 0 5 1 1
6950.3 1014.6 0.8 51 0 9.3 11.8 14.0 3.5 2 1 4 4 4
6928.7 1020.2 0.7 231 0 9.3 11.8 14.0 3.5 2 1 4 3 3
6685.3 -2530.7 -8.7 165 0 12.8 28.1 14.0 3.5 2 1 4 2 2
6485.0 -2493.8 -8.5 56 0 10.6 6.7 17.5 3.5 2 0 5 4 4
6489.2 1220.6 2.9 50 0 14.8 39.9 17.5 0.0 0 1 5 4 4
6396.1 -2923.7 -11.5 350 0 8.8 35.6 14.0 3.5 2 1 4 0 0
6574.9 -2995.5 -9.3 170 0 20.9 6.6 14.0 3.5 2 0 4 3 3
6570.1 -2971.9 -10.1 170 0 22.2 6.4 14.0 3.5 2 0 4 0 0
6565.8 -2947.1 -10.4 170 0 21.8 7.0 14.0 3.5 2 0 4 5 5
6562.1 -2922.7 -10.8 170 0 22.8 6.3 14.0 3.5 2 0 4 2 2
6592.8 -2883.0 -11.1 260 0 8.6 6.8 14.0 3.5 2 0 4 5 5
6599.0 -2906.6 -10.8 350 0 24.1 8.1 14.0 3.5 2 0 4 5 5
6603.8 -2933.3 -10.2 350 0 24.6 7.9 14.0 3.5 4 0 4 2 2
6607.7 -2959.8 -10.0 350 0 23.6 7.3 14.0 3.5 2 0 4 2 2
6609.5 -2872.2 -11.2 168 0 6.8 23.1 14.0 0.0 0 1 4 1 1
6649.7 -2866.8 -10.6 79 0 23.5 7.8 14.0 3.5 2 0 4 0 0
6684.9 -2857.5 -9.9 79 0 29.7 8.3 14.0 3.5 2 0 4 4 4
6731.8 -2844.8 -9.1 349 0 8.2 23.7 14.0 3.5 2 1 4 2 2
6722.7 -2882.6 -8.3 257 0 23.2 6.7 10.5 3.5 2 0 3 5 5
6692.7 -2890.9 -9.1 259 0 29.5 7.7 10.5 3.5 2 0 3 2 2
6664.1 -2893.8 -9.7 258 0 19.4 8.2 10.5 3.5 2 0 3 2 2
6638.8 -2899.5 -10.3 258 0 24.4 7.0 10.5 3.5 2 0 3 3 3
6631.0 -2925.1 -9.8 169 0 15.0 7.4 10.5 3.5 2 0 3 0 0
6659.0 -2942.7 -9.3 357 0 6.0 23.4 10.5 3.5 2 1 3 2 2
6674.1 -2936.4 -9.1 85 0 23.5 8.8 10.5 3.5 2 0 3 3 3
6702.2 -2933.6 -8.4 82 0 24.2 8.6 10.5 3.5 2 0 3 4 4
6718.2 -2936.2 -7.7 175 0 6.1 24.1 10.5 3.5 2 1 3 1 1
6707.2 -2970.0 -7.7 265 0 23.7 8.2 14.0 3.5 2 0 4 0 0
6679.7 -2972.4 -8.0 268 0 24.2 7.9 14.0 3.5 2 0 4 4 4
6663.8 -2971.0 -8.5 352 0 7.2 14.9 14.0 3.5 2 1 4 1 1
6642.8 -2968.8 -8.6 262 0 6.1 9.9 14.0 0.0 0 1 4 1 1
6644.0 -2992.2 -8.0 172 0 15.0 6.1 14.0 3.5 2 0 4 2 2
6673.6 -3015.1 -6.9 90 0 23.7 8.0 14.0 3.5 2 0 4 3 3
6694.3 -3015.4 -6.5 90 0 12.9 7.8 14.0 3.5 2 0 4 0 0
6714.9 -3015.7 -6.5 90 0 23.3 8.0 14.0 3.5 2 0 4 5 5
6738.3 -2907.0 -7.7 353 0 22.3 6.9 10.5 3.5 2 0 3 4 4
6750.6 -2989.0 -7.0 353 0 25.6 7.8 14.0 3.5 2 0 4 0 0
6770.4 -2905.6 -6.7 263 0 7.4 24.7 14.0 3.5 2 1 4 5 5
6771.7 -2944.4 -6.8 172 0 22.5 7.2 14.0 3.5 2 0 4 0 0
6774.2 -2966.2 -6.6 173 0 13.3 8.2 14.0 0.0 0 0 4 0 0
6783.4 -2978.4 -6.4 224 0 8.9 12.5 14.0 3.5 2 1 4 5 5
6804.3 -2991.2 -6.1 89 0 12.9 8.3 14.0 0.0 0 0 4 3 3
6830.4 -2985.6 -5.9 359 0 9.8 17.5 14.0 3.5 2 1 4 1 1
6820.4 -2962.9 -6.1 359 0 15.9 8.0 14.0 3.5 2 0 4 5 5
6813.4 -2944.2 -6.3 359 0 15.4 7.6 14.0 0.0 0 0 4 2 2
6808.7 -2934.8 -6.3 89 0 7.6 16.0 14.0 3.5 2 1 4 3 3
6823.5 -2907.4 -6.1 269 0 15.0 7.9 14.0 3.5 2 0 4 2 2
6850.1 -2909.9 -5.9 359 0 7.9 15.5 14.0 3.5 2 1 4 0 0
6858.6 -2917.1 -5.6 269 0 7.2 14.9 14.0 3.5 2 1 4 3 3
6855.7 -2941.6 -5.5 179 0 15.0 7.0 14.0 3.5 2 0 4 1 1
6854.0 -2952.8 -5.5 269 0 7.5 16.4 14.0 3.5 2 1 4 1 1
6845.3 -2984.9 -5.4 179 0 8.0 15.0 14.0 3.5 2 1 4 1 1
6869.2 -2988.7 -5.2 89 0 13.0 9.2 14.0 0.0 0 0 4 2 2
6884.7 -2988.0 -4.9 89 0 12.6 9.1 14.0 3.5 2 0 4 3 3
6906.8 -2982.3 -4.6 359 0 9.6 13.0 14.0 3.5 2 1 4 1 1
6900.6 -2959.2 -4.8 359 0 15.9 7.5 14.0 3.5 2 0 4 4 4
6893.2 -2941.0 -5.0 359 0 16.4 7.8 14.0 3.5 2 0 4 1 1
6888.9 -2917.1 -5.1 269 0 6.9 13.4 14.0 0.0 0 1 4 4 4
6896.2 -2908.4 -5.2 179 0 8.7 15.5 14.0 3.5 2 1 4 4 4
6922.4 -2911.4 -5.0 89 0 14.5 9.1 14.0 3.5 2 0 4 2 2
6935.8 -2920.8 -4.6 179 0 16.2 6.9 14.0 3.5 2 0 4 5 5
6936.5 -2938.1 -4.3 179 0 15.0 6.8 14.0 0.0 0 0 4 2 2
6931.1 -2957.6 -4.1 179 0 15.9 7.3 14.0 3.5 2 0 4 0 0
6950.2 -3008.7 -4.4 269 0 22.2 7.9 14.0 0.0 0 0 4 0 0
6927.8 -2981.2 -4.0 179 0 8.9 13.0 14.0 3.5 2 1 4 0 0
6959.9 -2979.9 -4.1 359 0 8.5 12.9 14.0 0.0 0 1 4 3 3
6879.2 -2533.8 -7.1 270 0 8.2 14.3 14.0 0.0 0 1 4 4 4
6875.0 -2557.0 -7.2 180 0 15.1 8.2 14.0 3.5 2 0 4 5 5
6876.1 -2573.9 -7.4 180 0 15.1 8.2 14.0 3.5 2 0 4 4 4
6877.4 -2590.8 -7.6 180 0 15.1 8.2 14.0 3.5 2 0 4 1 1
6860.7 -2592.1 -8.1 360 0 15.1 8.2 14.0 3.5 2 0 4 1 1
6859.7 -2575.9 -7.9 360 0 15.1 8.2 14.0 0.0 0 0 4 5 5
6858.9 -2559.0 -7.7 360 0 15.1 8.2 14.0 3.5 2 0 4 2 2
6853.1 -2534.1 -7.5 270 0 8.2 15.1 14.0 3.5 2 1 4 5 5
6677.2 -2380.1 -9.9 179 0 7.6 8.5 14.0 3.5 2 1 4 3 3
6671.3 -2428.4 -9.2 182 0 8.6 9.8 14.0 3.5 4 1 4 1 1
6651.2 -2359.4 -11.1 1 0 11.8 10.9 14.0 3.5 2 0 4 0 0
6654.2 -2389.1 -10.6 1 0 9.8 11.1 14.0 0.0 0 1 4 1 1
6658.2 -2410.8 -10.1 0 0 10.5 9.3 14.0 3.5 2 0 4 3 3
6653.1 -2423.2 -9.7 359 0 9.5 8.6 14.0 3.5 2 0 4 0 0
6653.9 -2434.7 -9.4 1 0 8.9 12.3 14.0 3.5 2 1 4 3 3
6656.4 -2445.1 -9.3 2 0 6.3 15.3 14.0 0.0 0 1 4 4 4
6624.7 -2451.7 -9.5 87 0 12.9 9.3 14.0 3.5 2 0 4 2 2
6609.4 -2454.4 -9.5 87 0 6.8 9.9 14.0 3.5 2 1 4 0 0
6595.6 -2454.7 -9.5 87 0 13.2 8.8 14.0 3.5 2 0 4 3 3
6550.5 -2483.2 -8.2 267 0 8.9 15.5 14.0 0.0 0 1 4 0 0
6563.3 -2484.1 -8.4 267 0 11.7 9.4 14.0 3.5 4 0 4 0 0
6578.6 -2483.9 -8.4 267 0 13.0 8.6 14.0 3.5 2 0 4 2 2
6593.8 -2482.5 -8.4 267 0 13.9 9.0 14.0 3.5 2 0 4 4 4
6609.0 -2482.4 -8.4 268 0 13.0 9.4 14.0 3.5 2 0 4 5 5
6623.9 -2482.1 -8.3 266 0 13.2 8.2 14.0 3.5 2 0 4 5 5
6638.8 -2480.6 -8.5 270 0 12.9 10.5 14.0 3.5 2 0 4 0 0
6655.3 -2486.9 -8.6 359 0 14.2 7.5 14.0 3.5 2 0 4 0 0
6657.9 -2512.5 -8.7 348 0 16.7 8.3 14.0 0.0 0 0 4 0 0
6664.1 -2561.8 -9.4 260 0 11.8 7.9 14.0 3.5 2 0 4 4 4
6648.1 -2564.0 -9.3 260 0 11.8 7.9 14.0 3.5 2 0 4 2 2
6630.9 -2565.2 -9.1 260 0 11.8 7.9 14.0 3.5 2 0 4 0 0
6614.9 -2572.8 -9.1 260 0 11.8 7.9 14.0 0.0 0 0 4 4 4
6083.1 -1652.9 -12.1 183 0 13.4 8.6 17.5 3.5 2 0 5 1 1
6081.7 -1671.5 -12.4 181 0 13.3 9.0 17.5 3.5 2 0 5 3 3
6087.0 -1568.6 -11.1 182 0 9.4 7.8 17.5 3.5 2 0 5 0 0
6087.4 -1579.5 -11.3 180 0 6.2 11.9 17.5 0.0 0 1 5 5 5
6086.7 -1588.4 -11.3 181 0 6.7 10.0 17.5 0.0 0 1 5 0 0
6052.3 -1556.3 -10.6 4 0 14.1 7.3 14.0 3.5 2 0 4 2 2
6055.1 -1574.5 -10.8 2 0 13.1 9.1 14.0 3.5 2 0 4 1 1
6066.3 -1413.3 -9.6 275 0 6.0 15.3 10.5 3.5 2 1 3 3 3
6071.7 -1449.2 -10.1 3 0 11.9 10.0 10.5 3.5 2 0 3 0 0
6073.3 -1462.7 -10.3 2 0 6.1 11.7 10.5 0.0 0 1 3 5 5
6070.8 -1472.0 -10.5 2 0 6.5 11.7 10.5 3.5 2 1 3 0 0
6069.1 -1484.5 -10.6 2 0 7.5 12.7 10.5 0.0 0 1 3 5 5
6135.1 -1526.9 -10.1 278 0 12.8 8.6 17.5 3.5 4 0 5 2 2
6151.1 -1529.2 -9.9 277 0 14.4 8.4 17.5 3.5 2 0 5 1 1
6168.2 -1531.8 -9.8 277 0 12.4 8.5 17.5 3.5 2 0 5 3 3
6161.8 -1509.3 -9.7 97 0 12.9 8.5 17.5 3.5 2 0 5 0 0
6147.0 -1507.2 -9.7 97 0 13.0 8.5 17.5 3.5 2 0 5 4 4
6133.0 -1500.9 -9.8 95 0 13.9 8.7 17.5 3.5 4 0 5 1 1
6104.7 -1501.5 -9.9 98 0 12.1 8.1 17.5 3.5 2 0 5 1 1
6110.5 -1466.2 -10.0 277 0 8.9 12.5 17.5 3.5 2 1 5 0 0
6102.0 -1248.1 -10.1 265 0 11.9 6.5 10.5 3.5 2 0 3 0 0
6096.6 -1257.0 -10.1 266 0 9.8 8.7 10.5 3.5 2 0 3 3 3
6092.9 -1276.2 -10.1 177 0 13.8 9.5 10.5 0.0 0 0 3 0 0
6095.4 -1294.3 -10.2 176 0 10.3 9.6 10.5 3.5 2 0 3 3 3
6134.6 -1233.9 -9.3 133 0 28.9 9.4 17.5 3.5 2 0 5 4 4
6142.6 -1267.9 -9.3 172 0 27.7 8.2 17.5 3.5 2 0 5 2 2
6145.8 -1302.3 -9.7 175 0 35.6 8.9 17.5 3.5 2 0 5 5 5
5702.0 905.6 -15.3 295 0 13.8 7.8 20.0 3.5 2 0 5 0 0
5784.9 -132.7 -16.9 249 0 15.3 6.2 17.5 3.5 2 0 5 0 0
5582.5 910.6 -18.4 119 0 40.5 9.2 17.5 3.5 4 0 5 3 3
5484.6 1089.7 -6.4 26 0 74.6 8.6 17.5 3.5 2 0 5 2 2
5809.8 1651.1 5.9 117 0 6.4 11.9 17.5 3.5 4 1 5 5 5
5857.8 -626.3 -15.9 259 0 24.2 55.0 10.5 3.5 2 1 3 5 5
5467.3 1158.1 -3.1 298 0 14.8 7.2 17.5 0.0 0 0 5 0 0
5237.7 1305.4 0.2 266 0 13.5 10.7 17.5 0.0 0 0 5 4 4
5357.2 1162.6 -1.0 207 0 12.0 7.7 14.0 3.5 2 0 4 4 4
5337.4 1119.5 -1.7 198 0 6.3 8.3 14.0 3.5 2 1 4 2 2
5335.4 1113.4 -1.8 198 0 6.4 8.2 14.0 3.5 2 1 4 4 4
5333.4 1107.4 -1.8 198 0 6.4 8.1 14.0 3.5 2 1 4 5 5
5331.4 1101.4 -1.7 198 0 6.3 8.1 14.0 3.5 2 1 4 2 2
5332.3 1091.2 -1.7 107 0 8.0 6.3 14.0 3.5 2 0 4 5 5
5458.6 1039.7 -6.6 116 0 7.1 12.2 17.5 0.0 0 1 5 2 2
5722.6 -358.7 -15.2 239 0 9.1 12.1 17.5 3.5 2 1 5 1 1
5732.0 -374.2 -14.9 59 0 9.3 6.0 17.5 3.5 2 0 5 5 5
5737.6 -374.4 -14.8 328 0 6.0 9.4 17.5 3.5 2 1 5 1 1
5740.8 -379.5 -14.7 328 0 6.0 9.5 17.5 3.5 2 1 5 4 4
5743.9 -384.7 -14.6 328 0 6.0 9.5 17.5 3.5 2 1 5 4 4
5747.1 -389.8 -14.4 328 0 6.0 9.7 17.5 3.5 2 1 5 3 3
5750.8 -405.1 -14.1 240 0 9.8 6.0 17.5 3.5 2 0 5 3 3
5757.1 -415.4 -14.1 61 0 10.0 6.0 17.5 3.5 4 0 5 4 4
5760.2 -420.6 -14.1 61 0 10.0 6.0 17.5 3.5 2 0 5 4 4
5687.7 910.5 -16.1 296 0 9.9 6.4 10.5 3.5 4 0 3 4 4
5690.5 968.6 -17.7 26 0 6.3 9.4 10.5 3.5 2 1 3 1 1
6157.9 1588.2 -7.1 59 0 6.3 11.4 14.0 3.5 2 1 4 3 3
6184.9 1604.4 -6.9 59 0 6.3 11.4 14.0 3.5 2 1 4 2 2
6281.8 1626.0 -10.3 15 0 6.5 15.9 14.0 0.0 0 1 4 1 1
5677.4 1070.0 -17.7 205 0 9.2 7.9 8.0 0.0 0 0 2 4 4
5650.6 1282.3 -11.3 129 0 9.4 9.2 7.0 3.5 4 0 2 2 2
5669.1 1304.6 -10.3 308 0 12.3 9.0 7.0 3.5 4 0 2 2 2
5542.3 1058.9 -13.9 198 0 16.1 17.3 17.5 3.5 2 1 5 3 3
5510.0 1524.3 3.6 15 0 6.6 11.8 7.0 3.5 2 1 2 0 0
5495.5 1510.6 3.5 83 0 6.7 12.6 7.0 3.5 2 1 2 3 3
5560.5 1658.2 3.1 25 0 6.2 9.3 17.5 3.5 2 1 5 5 5
5535.9 1584.4 4.3 18 0 13.6 13.2 17.5 0.0 0 0 5 0 0
5539.0 1593.8 4.5 19 0 6.2 8.4 17.5 3.5 2 1 5 4 4
5541.0 1599.7 4.4 18 0 6.2 8.5 17.5 3.5 2 1 5 5 5
5542.9 1605.5 4.2 18 0 6.2 8.5 17.5 3.5 2 1 5 4 4
5544.8 1611.4 4.1 18 0 6.2 8.5 17.5 3.5 2 1 5 1 1
5546.8 1617.3 3.9 18 0 6.2 8.5 17.5 3.5 2 1 5 3 3
5548.7 1623.1 3.8 18 0 6.2 8.5 17.5 3.5 2 1 5 1 1
5550.6 1629.0 3.6 18 0 6.2 8.5 17.5 3.5 2 1 5 2 2
5552.5 1634.9 3.5 18 0 6.2 8.5 17.5 3.5 2 1 5 4 4
5554.4 1640.7 3.4 18 0 6.2 8.5 17.5 3.5 4 1 5 0 0
5556.3 1646.6 3.3 18 0 6.2 8.5 17.5 3.5 2 1 5 1 1
5558.3 1652.5 3.2 18 0 6.2 8.5 17.5 3.5 2 1 5 5 5
5626.8 797.2 -15.3 26 0 9.1 11.0 7.0 3.5 2 1 2 0 0
5815.0 536.4 -5.0 3 0 46.5 16.8 17.5 3.5 2 0 5 0 0
5843.3 568.5 -4.1 93 0 33.4 8.8 17.5 3.5 2 0 5 2 2
5897.1 566.4 -5.0 288 0 53.2 8.7 17.5 0.0 0 0 5 2 2
5932.4 554.7 -5.8 287 0 7.4 14.9 17.5 3.5 2 1 5 0 0
5580.4 1713.7 3.5 19 0 18.2 8.1 14.0 3.5 2 0 4 1 1
5678.8 1876.9 5.3 200 0 17.4 8.3 17.5 0.0 0 0 5 2 2
6026.0 -441.4 -10.5 248 0 6.8 14.0 17.5 3.5 2 1 5 4 4
6235.2 -364.3 -9.3 36 0 9.2 49.6 14.0 0.0 0 1 4 5 5
6492.1 384.2 -15.8 191 0 6.0 8.7 17.5 3.5 2 1 5 4 4
6493.3 390.1 -16.0 191 0 6.0 8.7 17.5 3.5 2 1 5 3 3
6494.5 395.9 -16.2 191 0 6.0 8.7 17.5 3.5 2 1 5 1 1
6496.9 407.7 -16.3 191 0 6.0 8.7 17.5 3.5 2 1 5 5 5
6498.1 413.6 -16.2 191 0 6.0 8.7 17.5 3.5 2 1 5 1 1
6499.3 419.5 -16.2 191 0 6.0 8.7 17.5 3.5 2 1 5 0 0
6501.6 431.3 -16.1 191 0 6.0 8.7 17.5 3.5 2 1 5 3 3
6502.8 437.1 -16.0 191 0 6.0 8.7 17.5 3.5 2 1 5 2 2
6504.0 443.0 -16.0 191 0 6.0 8.7 17.5 3.5 2 1 5 1 1
6506.4 454.8 -15.9 191 0 6.0 8.7 17.5 3.5 4 1 5 5 5
6507.6 460.7 -15.8 191 0 6.0 8.7 17.5 3.5 2 1 5 2 2
6552.2 478.4 -15.0 332 0 25.7 8.5 17.5 3.5 2 0 5 3 3
6602.6 429.2 -12.6 339 0 26.7 16.0 17.5 3.5 2 0 5 2 2
5389.5 363.0 -18.6 107 0 6.4 9.7 14.0 3.5 2 1 4 4 4
5369.6 370.9 -19.6 107 0 6.0 7.9 7.0 3.5 2 1 2 1 1
5352.4 375.5 -20.5 116 0 6.7 10.4 14.0 3.5 2 1 4 2 2
6646.4 146.5 -17.0 334 0 9.8 16.7 14.0 3.5 2 1 4 1 1
6926.1 -1386.7 -1.8 278 0 23.3 8.7 7.0 3.5 2 0 2 3 3
5523.7 1504.4 4.2 200 0 9.4 11.1 10.5 0.0 0 1 3 4 4
5532.9 1529.4 4.3 200 0 7.3 10.0 17.5 3.5 2 1 5 0 0
5530.4 1522.6 4.2 200 0 7.3 10.0 17.5 3.5 2 1 5 3 3
5919.1 208.5 -19.9 208 0 19.0 15.3 17.5 3.5 2 0 5 2 2
5946.1 273.8 -20.3 204 0 44.4 21.0 17.5 3.5 2 0 5 4 4
5835.7 331.2 -18.7 63 0 9.4 6.3 17.5 3.5 2 0 5 3 3
5861.1 234.8 -21.6 46 0 6.9 8.1 17.5 0.0 0 1 5 0 0
5784.4 177.1 -23.5 240 0 24.5 11.4 17.5 3.5 2 0 5 5 5
5931.6 225.8 -19.9 205 0 9.3 11.4 17.5 3.5 2 1 5 3 3
5821.8 321.9 -19.2 54 0 16.4 7.3 17.5 3.5 2 0 5 3 3
5812.7 147.3 -23.3 62 0 42.8 7.3 17.5 3.5 2 0 5 1 1
5896.6 190.6 -20.5 59 0 14.0 9.4 17.5 3.5 4 0 5 4 4
5385.4 2686.9 -1.1 288 1 11.0 15.9 14.0 3.5 2 1 4 4 4
5373.8 2690.7 -1.3 289 1 10.7 11.7 14.0 3.5 2 1 4 1 1
5398.1 2682.5 -1.0 289 1 11.1 11.0 14.0 3.5 2 0 4 5 5
5410.2 2678.9 -0.8 288 1 11.1 11.6 14.0 3.5 2 1 4 2 2
5422.4 2675.2 -0.7 288 1 11.8 11.3 14.0 3.5 2 0 4 2 2
5434.8 2671.2 -0.7 288 1 11.8 11.3 14.0 0.0 0 0 4 4 4
5597.4 2721.3 0.7 289 1 12.4 11.4 14.0 3.5 2 0 4 4 4
5715.0 2770.5 1.0 287 1 11.4 10.7 14.0 3.5 2 0 4 1 1
5709.4 2795.7 0.6 110 1 11.2 12.2 14.0 3.5 2 1 4 4 4
5721.7 2792.1 0.9 110 1 11.2 12.2 14.0 3.5 2 1 4 2 2
5722.9 2849.8 0.2 290 1 11.2 11.6 14.0 0.0 0 1 4 1 1
5734.7 2845.3 0.5 290 1 11.2 11.6 14.0 3.5 2 1 4 2 2
5631.9 2902.9 -2.5 109 1 11.6 12.6 14.0 3.5 2 1 4 1 1
5644.3 2898.7 -2.1 109 1 11.6 12.6 14.0 3.5 2 1 4 3 3
5656.7 2894.7 -1.6 109 1 11.6 12.6 14.0 3.5 2 1 4 5 5
5668.5 2889.9 -1.2 109 1 11.6 12.6 14.0 3.5 2 1 4 2 2
5680.0 2885.8 -1.0 109 1 11.6 12.6 14.0 3.5 2 1 4 3 3
5664.6 2971.3 -2.5 109 1 11.6 12.6 14.0 3.5 2 1 4 1 1
5676.9 2967.2 -2.0 109 1 11.6 12.6 14.0 3.5 2 1 4 4 4
5688.6 2962.4 -1.6 109 1 11.6 12.6 14.0 3.5 2 1 4 0 0
5700.8 2958.1 -1.1 109 1 11.6 12.6 14.0 3.5 2 1 4 2 2
5754.6 3057.1 -0.3 199 1 10.4 11.1 14.0 3.5 2 1 4 2 2
5766.3 3053.1 0.0 199 1 10.4 11.1 14.0 3.5 2 1 4 0 0
5781.8 3042.2 0.4 109 1 11.1 10.4 14.0 3.5 2 0 4 3 3
5800.5 3041.2 0.7 19 1 10.4 11.1 14.0 3.5 2 1 4 3 3
5771.6 3099.1 0.2 201 1 10.4 11.1 14.0 3.5 2 1 4 2 2
5790.2 3097.7 0.6 291 1 11.1 10.4 14.0 3.5 2 0 4 5 5
5802.1 3093.2 0.9 291 1 11.1 10.4 14.0 3.5 2 0 4 0 0
5813.7 3088.8 1.3 291 1 11.1 10.4 14.0 3.5 2 0 4 3 3
5825.6 3084.1 1.6 291 1 11.1 10.4 14.0 3.5 2 0 4 2 2
5474.2 3157.3 -4.5 199 1 10.3 12.0 14.0 3.5 2 1 4 3 3
5486.6 3153.0 -4.4 199 1 10.3 12.0 14.0 3.5 2 1 4 4 4
5503.1 3141.7 -4.2 109 1 12.0 10.3 14.0 3.5 4 0 4 2 2
5515.7 3137.3 -4.0 109 1 12.0 10.3 14.0 3.5 2 0 4 2 2
5528.0 3133.0 -3.8 109 1 12.0 10.3 14.0 3.5 2 0 4 0 0
5540.0 3128.7 -3.6 109 1 12.0 10.3 14.0 3.5 2 0 4 2 2
5552.2 3124.3 -3.6 109 1 12.0 10.3 14.0 3.5 2 0 4 3 3
5564.4 3120.0 -3.6 109 1 12.0 10.3 14.0 3.5 2 0 4 1 1
5584.0 3118.6 -3.4 19 1 10.3 12.0 14.0 3.5 2 1 4 1 1
5597.1 3159.2 -2.3 19 1 10.3 12.0 14.0 3.5 2 1 4 4 4
5581.0 3170.3 -2.2 289 1 12.0 10.3 14.0 3.5 4 0 4 1 1
5568.8 3174.7 -2.2 289 1 12.0 10.3 14.0 3.5 2 0 4 5 5
5556.6 3179.1 -2.3 289 1 12.0 10.3 14.0 3.5 2 0 4 0 0
5544.6 3183.3 -2.4 289 1 12.0 10.3 14.0 3.5 4 0 4 4 4
5532.3 3187.7 -2.6 289 1 12.0 10.3 14.0 3.5 2 0 4 0 0
5519.7 3192.0 -3.0 289 1 12.0 10.3 14.0 3.5 2 0 4 4 4
5499.7 3193.6 -3.4 199 1 10.3 12.0 14.0 3.5 2 1 4 2 2
5487.3 3197.9 -3.8 199 1 10.3 12.0 14.0 3.5 2 1 4 2 2
5526.6 3087.8 -4.7 289 1 12.0 10.3 14.0 3.5 2 0 4 0 0
5514.4 3092.0 -5.1 289 1 12.0 10.3 14.0 3.5 4 0 4 0 0
5502.2 3096.4 -5.4 289 1 12.0 10.3 14.0 3.5 2 0 4 3 3
5490.0 3100.8 -5.6 289 1 12.0 10.3 14.0 3.5 2 0 4 5 5
5478.1 3105.0 -5.9 289 1 12.0 10.3 14.0 3.5 2 0 4 5 5
5465.7 3109.4 -6.0 289 1 12.0 10.3 14.0 3.5 2 0 4 2 2
5453.1 3113.7 -6.0 289 1 12.0 10.3 14.0 3.5 2 0 4 5 5
5440.5 3118.2 -6.1 289 1 12.0 10.3 14.0 3.5 2 0 4 0 0
5428.2 3122.5 -6.2 289 1 12.0 10.3 14.0 3.5 2 0 4 5 5
5617.2 3050.4 -3.2 19 1 10.3 12.0 14.0 3.5 2 1 4 4 4
5601.0 3061.7 -3.3 289 1 12.0 10.3 14.0 3.5 2 0 4 0 0
5588.8 3066.0 -3.4 289 1 12.0 10.3 14.0 3.5 2 0 4 1 1
5576.9 3070.3 -3.5 289 1 12.0 10.3 14.0 3.5 2 0 4 0 0
5564.5 3074.7 -3.7 289 1 12.0 10.3 14.0 3.5 2 0 4 0 0
5551.9 3079.0 -4.0 289 1 12.0 10.3 14.0 3.5 2 0 4 0 0
5539.4 3083.4 -4.4 289 1 12.0 10.3 14.0 3.5 2 0 4 3 3
5609.1 3022.6 -3.7 16 1 11.7 10.5 14.0 3.5 2 0 4 4 4
5605.6 3010.4 -4.0 16 1 11.7 10.5 14.0 3.5 2 0 4 3 3
5602.2 2998.1 -4.3 16 1 11.7 10.5 14.0 0.0 0 0 4 0 0
5599.2 2985.7 -4.5 16 1 11.7 10.5 14.0 3.5 2 0 4 4 4
5595.7 2973.2 -4.7 16 1 11.7 10.5 14.0 3.5 2 0 4 5 5
5592.0 2961.1 -4.8 16 1 11.7 10.5 14.0 3.5 2 0 4 0 0
5585.0 2935.2 -4.8 16 1 11.7 10.5 14.0 3.5 2 0 4 1 1
5581.6 2922.8 -4.8 16 1 11.7 10.5 14.0 3.5 2 0 4 2 2
5578.1 2910.8 -4.8 16 1 11.7 10.5 14.0 3.5 2 0 4 2 2
5645.8 2952.9 -2.8 288 1 10.8 12.1 14.0 3.5 2 1 4 5 5
5658.2 2949.0 -2.3 288 1 10.8 12.1 14.0 3.5 2 1 4 3 3
5670.3 2945.1 -1.9 288 1 10.8 12.1 14.0 3.5 2 1 4 5 5
5683.0 2942.2 -1.4 288 1 10.8 12.1 14.0 3.5 2 1 4 3 3
5695.1 2938.7 -1.1 288 1 10.8 12.1 14.0 3.5 2 1 4 0 0
5808.6 3044.0 0.9 289 1 11.1 10.4 14.0 3.5 2 0 4 5 5
5834.1 3330.6 2.5 293 0 7.5 9.7 14.0 3.5 2 1 4 5 5
5842.4 3321.7 2.6 24 0 9.6 7.4 14.0 3.5 2 0 4 1 1
5814.3 3340.4 2.1 293 0 7.5 9.7 14.0 3.5 2 1 4 1 1
5821.2 3337.4 2.3 294 0 7.5 9.6 14.0 0.0 0 1 4 5 5
5795.0 3349.5 1.8 293 0 7.5 9.7 14.0 3.5 2 1 4 0 0
5801.8 3346.5 1.8 294 0 7.5 9.6 14.0 3.5 4 1 4 3 3
5772.1 3353.7 1.8 293 0 7.5 9.7 14.0 0.0 0 1 4 5 5
5779.0 3350.7 1.8 294 0 7.5 9.7 14.0 3.5 2 1 4 4 4
5752.1 3363.0 1.8 293 0 7.5 9.7 14.0 3.5 2 1 4 2 2
5759.0 3360.1 1.8 294 0 7.5 9.6 14.0 3.5 2 1 4 1 1
5732.2 3372.1 1.8 293 0 7.5 9.7 14.0 0.0 0 1 4 2 2
5739.1 3369.1 1.8 294 0 7.5 9.6 14.0 3.5 2 1 4 2 2
5708.9 3320.4 1.9 113 0 7.5 9.7 14.0 3.5 2 1 4 5 5
5715.8 3317.5 2.0 113 0 7.4 9.6 14.0 3.5 2 1 4 0 0
5729.3 3312.8 2.1 113 0 7.5 9.7 14.0 3.5 2 1 4 5 5
5736.2 3309.8 2.2 113 0 7.4 9.6 14.0 3.5 2 1 4 1 1
5749.3 3304.5 2.2 113 0 7.5 9.7 14.0 3.5 2 1 4 0 0
5756.2 3301.5 2.2 113 0 7.4 9.6 14.0 3.5 2 1 4 0 0
5768.0 3292.0 2.4 113 0 7.5 9.7 14.0 3.5 2 1 4 5 5
5774.8 3289.0 2.4 113 0 7.4 9.6 14.0 3.5 2 1 4 1 1
5788.2 3283.6 2.4 113 0 7.5 9.7 14.0 3.5 2 1 4 1 1
5795.1 3280.6 2.5 114 0 7.4 9.7 14.0 3.5 2 1 4 3 3
5813.8 3278.1 2.5 23 0 9.7 7.5 14.0 3.5 2 0 4 2 2
5820.6 3275.2 2.5 24 0 9.6 7.4 14.0 3.5 2 0 4 4 4
5567.7 2508.4 -2.7 290 0 6.9 8.0 10.5 3.5 4 1 3 2 2
5579.0 2504.7 -2.7 289 0 7.8 9.5 10.5 3.5 2 1 3 0 0
5589.9 2500.6 -2.7 289 0 7.8 9.5 10.5 3.5 4 1 3 0 0
5601.6 2497.1 -2.6 289 0 7.8 9.5 10.5 0.0 0 1 3 1 1
5652.8 2631.6 1.7 108 0 6.1 8.7 14.0 3.5 2 1 4 3 3
5659.0 2629.6 1.8 108 0 6.9 8.7 14.0 3.5 2 1 4 5 5
5695.2 2683.0 2.0 289 1 11.1 12.0 14.0 3.5 2 1 4 0 0
5695.0 2238.9 1.7 8 0 6.6 8.5 14.0 3.5 2 1 4 0 0
5694.1 2232.2 2.0 8 0 7.0 8.5 14.0 3.5 2 1 4 2 2
5694.0 2213.7 2.6 8 0 7.0 8.5 14.0 3.5 2 1 4 0 0
5695.0 2220.5 2.4 8 0 6.6 8.5 14.0 0.0 0 1 4 2 2
5693.7 2194.1 3.1 8 0 7.0 8.5 14.0 3.5 2 1 4 1 1
5694.7 2200.9 3.1 8 0 6.6 8.5 14.0 3.5 2 1 4 5 5
5682.4 2148.7 2.5 103 0 6.3 8.7 14.0 3.5 2 1 4 1 1
5688.5 2147.3 2.6 103 0 6.3 8.7 14.0 3.5 2 1 4 2 2
6872.2 -1010.8 -1.2 2 0 34.8 6.8 7.0 3.5 2 0 2 5 5
5063.6 1427.6 -14.4 91 0 10.6 93.5 17.5 3.5 2 1 5 5 5
5480.5 882.9 -20.0 302 0 23.1 38.3 14.0 0.0 0 1 4 5 5
5456.9 875.0 -17.5 31 0 38.4 12.2 17.5 3.5 2 0 5 4 4
5648.9 761.3 -12.7 25 0 52.6 18.2 17.5 3.5 2 0 5 2 2
5665.9 779.3 -11.0 206 0 7.4 42.6 17.5 3.5 4 1 5 3 3
6505.9 -481.2 -3.8 144 0 30.5 7.5 3.5 0.0 0 0 1 5 5
6487.1 -442.2 -5.4 156 0 41.8 9.3 3.5 3.5 2 0 1 4 4
5790.2 -105.4 -16.7 171 0 23.9 13.6 10.5 3.5 2 0 3 2 2
5750.3 -98.2 -16.8 170 0 29.1 22.2 10.5 3.5 4 0 3 0 0
5418.0 1257.8 0.4 214 0 7.7 14.2 17.5 3.5 2 1 5 3 3
5271.1 844.7 -8.5 270 0 11.2 20.5 14.0 0.0 0 1 4 2 2
5261.6 844.8 -7.6 272 0 7.9 9.4 14.0 0.0 0 1 4 0 0
5345.0 487.7 -18.3 192 0 14.2 15.8 7.0 3.5 2 1 2 3 3
5340.2 485.8 -18.1 13 0 8.3 9.8 7.0 0.0 0 1 2 0 0
