-6595.7 313.7 -81.5 47 0 8.7 14.5 10.0 0.0 0 0 4 4 4
6859.8 8199.0 -19.0 96 0 6.9 19.5 2.5 2.5 2 0 1 3 3
4617.4 8219.7 20.0 261 0 9.6 6.6 5.0 2.5 2 0 2 1 1
4493.3 7569.8 24.1 207 0 13.0 23.0 10.0 2.5 2 0 4 4 4
5247.5 7884.9 -45.6 214 0 6.8 11.5 2.5 2.5 2 1 1 0 0
4678.4 7566.6 24.0 84 0 13.2 6.4 2.5 0.0 0 0 1 2 2
4606.0 8188.2 19.0 173 0 18.7 13.5 10.0 2.5 2 0 4 5 5
4517.5 7592.9 23.6 294 0 9.3 8.2 7.5 2.5 2 0 3 2 2
5154.2 7958.3 -46.4 197 0 8.0 30.5 2.5 2.5 2 1 1 5 5
6841.3 8184.3 -17.4 109 0 15.2 17.4 10.0 2.5 2 1 4 0 0
6881.4 8316.6 -15.8 288 0 7.4 13.7 10.0 2.5 2 1 4 2 2
6897.5 8217.6 -17.9 287 0 8.4 34.3 17.5 0.0 0 1 7 3 3
4529.8 7586.2 23.9 297 0 6.9 8.1 7.5 2.5 2 1 3 0 0
5298.5 7866.5 -48.1 322 0 9.4 10.4 7.5 2.5 2 1 3 3 3
4836.3 7479.5 22.9 55 0 7.4 16.5 2.5 2.5 2 1 1 1 1
4570.2 7825.6 21.5 263 0 13.4 7.5 5.0 2.5 2 0 2 2 2
4778.9 7504.3 23.4 319 0 11.0 6.4 7.5 2.5 2 0 3 3 3
5123.4 7834.3 -33.3 222 0 6.1 13.8 10.0 2.5 2 1 4 2 2
4595.7 7588.3 23.8 114 0 21.3 12.3 10.0 2.5 4 0 4 1 1
5320.4 7836.3 -48.3 331 0 17.7 14.1 7.5 2.5 2 0 3 4 4
5334.9 7787.0 -45.7 331 0 8.0 9.9 7.5 2.5 2 1 3 2 2
4565.4 7815.5 21.5 260 0 9.7 9.8 5.0 2.5 2 1 2 1 1
4487.8 7604.2 23.4 356 0 6.2 18.8 7.5 2.5 4 1 3 0 0
4607.8 7819.2 21.2 266 0 8.8 6.1 5.0 2.5 2 0 2 2 2
6920.6 8264.9 -16.9 205 0 10.0 9.4 10.0 2.5 4 0 4 0 0
5166.6 7825.6 -33.9 48 0 9.7 7.6 7.5 2.5 4 0 3 1 1
4552.7 7823.3 21.5 263 0 9.8 14.5 7.5 2.5 2 1 3 0 0
6920.0 8210.6 -17.5 17 0 17.9 16.2 10.0 2.5 4 0 4 3 3
4482.0 7570.5 23.8 122 0 11.7 14.7 2.5 0.0 0 1 1 4 4
4527.5 7818.9 21.6 262 0 35.0 10.5 10.0 0.0 0 0 4 0 0
4543.6 7583.2 24.0 294 0 8.2 8.1 7.5 2.5 2 0 3 3 3
4540.6 7523.4 25.3 119 0 18.8 15.7 10.0 2.5 2 0 4 4 4
4504.6 7537.1 24.5 114 0 40.7 15.6 7.5 0.0 0 0 3 1 1
5199.8 7946.8 -47.8 287 0 21.8 6.8 7.5 2.5 2 0 3 1 1
4638.2 8209.0 20.4 351 0 13.4 6.6 5.0 2.5 2 0 2 2 2
4755.4 7547.3 23.1 323 0 10.3 20.3 5.0 2.5 2 1 2 3 3
4640.5 8167.3 19.7 348 0 9.5 10.6 7.5 2.5 4 1 3 5 5
6283.8 6212.3 -42.2 233 0 31.8 18.6 10.0 2.5 2 0 4 4 4
-1177.3 5430.5 -17.5 211 0 10.8 18.7 10.0 2.5 2 1 4 2 2
-1474.3 5447.7 -16.0 118 0 25.0 12.3 12.5 2.5 2 0 5 2 2
-1464.3 5480.0 -16.9 207 0 10.3 21.1 7.5 2.5 2 1 3 1 1
-1380.3 5495.4 -19.8 112 0 62.2 18.6 15.0 2.5 2 0 6 0 0
-1391.6 -7458.5 36.7 110 0 8.0 18.1 7.5 2.5 2 1 3 4 4
-724.3 4297.0 16.1 318 0 13.7 16.2 10.0 0.0 0 1 4 5 5
-708.6 4310.6 17.1 123 0 10.6 10.6 5.0 2.5 4 0 2 1 1
-739.0 4308.6 16.2 320 0 8.3 10.9 7.5 2.5 2 1 3 1 1
-657.9 4320.1 18.2 143 0 13.8 15.8 5.0 2.5 2 1 2 5 5
-4091.6 6972.2 -55.1 70 0 8.4 29.2 12.5 2.5 2 1 5 0 0
681.0 -4268.2 43.5 275 0 9.1 10.2 10.0 2.5 2 1 4 3 3
-3756.3 -5257.5 -40.2 64 0 8.9 26.8 10.0 2.5 2 1 4 3 3
-2074.2 -4714.2 28.8 277 0 13.4 6.9 10.0 2.5 2 0 4 5 5
-2029.7 -4734.6 28.8 97 0 6.9 14.2 7.5 2.5 2 1 3 4 4
-2042.2 -4734.1 28.5 98 0 6.8 15.5 2.5 2.5 2 1 1 0 0
-2108.3 -4702.8 29.3 96 0 6.7 13.7 7.5 2.5 2 1 3 0 0
-2046.2 -4710.5 28.7 97 0 7.2 12.7 10.0 2.5 4 1 4 2 2
-2058.4 -4709.9 28.8 98 0 7.3 15.3 7.5 2.5 2 1 3 0 0
-2082.6 -4706.3 29.1 99 0 6.5 14.7 10.0 2.5 2 1 4 5 5
-2094.7 -4705.3 29.2 98 0 6.9 15.2 7.5 2.5 2 1 3 4 4
-2034.3 -4711.8 28.7 96 0 6.3 14.1 7.5 0.0 0 1 3 0 0
-2070.4 -4707.8 28.9 98 0 6.6 14.3 7.5 2.5 2 1 3 2 2
-2014.0 -4741.5 28.8 273 0 7.4 16.0 7.5 2.5 2 1 3 3 3
-2026.6 -4743.1 28.6 275 0 7.0 13.6 5.0 2.5 4 1 2 0 0
-2012.3 -4725.9 29.2 184 0 19.4 7.1 7.5 2.5 2 0 3 0 0
-2038.7 -4742.5 28.5 275 0 6.9 12.4 2.5 2.5 2 1 1 4 4
-2051.1 -4742.0 28.3 274 0 7.2 13.7 7.5 2.5 2 1 3 5 5
-2087.8 -4740.6 27.5 275 0 6.6 11.7 10.0 2.5 2 1 4 5 5
-2075.8 -4741.1 27.8 274 0 6.7 12.3 7.5 2.5 2 1 3 2 2
-2055.6 -4716.2 28.5 276 0 13.3 7.5 5.0 2.5 4 0 2 0 0
-2110.3 -4733.8 28.3 11 0 12.8 7.0 7.5 2.5 2 0 3 4 4
-1971.0 -4677.4 30.0 277 0 15.5 6.1 5.0 2.5 2 0 2 2 2
-1905.9 -4683.0 30.7 281 0 8.1 9.4 7.5 2.5 2 1 3 5 5
-1874.8 -4591.2 31.7 80 0 8.0 6.7 2.5 2.5 2 0 1 1 1
-1883.1 -4575.1 31.8 172 0 13.0 8.0 7.5 2.5 2 0 3 2 2
4675.6 -5368.5 74.1 97 0 18.7 18.7 10.0 2.5 2 1 4 1 1
2860.5 -8424.2 28.0 349 0 6.9 12.7 5.0 2.5 2 1 2 1 1
2880.8 -8381.7 26.4 276 0 10.8 18.9 5.0 0.0 0 1 2 2 2
2877.9 -8375.6 26.2 357 0 10.1 19.8 5.0 2.5 2 1 2 2 2
2872.6 -8359.8 25.7 347 0 7.8 7.5 7.5 2.5 2 0 3 4 4
-4126.6 5871.3 -31.3 244 0 61.3 18.6 10.0 2.5 2 0 4 2 2
-4105.0 5918.3 -33.1 334 0 17.5 60.8 10.0 2.5 2 1 4 3 3
-4241.0 5908.4 -34.4 22 0 47.9 11.0 10.0 2.5 2 0 4 5 5
-4192.6 5803.6 -31.5 22 0 6.3 75.6 7.5 2.5 2 1 3 0 0
-4335.4 8117.0 -72.2 222 0 10.1 26.4 10.0 0.0 0 1 4 2 2
-4426.6 7993.7 -72.6 230 0 30.6 29.5 7.5 0.0 0 0 3 1 1
-6559.2 7314.4 -68.5 35 0 13.0 12.6 10.5 2.5 2 0 3 1 1
-4645.8 8143.2 -63.9 316 0 19.6 20.3 10.0 2.5 4 1 4 2 2
-4716.5 8127.3 -66.9 135 0 54.4 31.9 10.0 0.0 0 0 4 0 0
-4693.1 8264.5 -72.9 3 0 9.9 30.8 12.5 2.5 2 1 5 0 0
-4591.7 8200.1 -67.6 226 0 20.2 15.2 12.5 2.5 2 0 5 4 4
-4290.7 8038.1 -70.7 46 0 9.9 10.3 2.5 2.5 2 1 1 4 4
-4296.6 8024.4 -70.6 46 0 11.6 11.6 2.5 0.0 0 0 1 4 4
-4309.2 8004.2 -70.4 46 0 10.0 9.6 5.0 2.5 2 0 2 0 0
-4874.0 8448.9 -77.3 34 0 19.0 21.6 10.0 2.5 2 1 4 1 1
-4921.2 8470.0 -76.7 123 0 27.2 18.0 12.5 2.5 2 0 5 4 4
-4969.2 8319.0 -67.7 218 0 11.7 22.2 10.0 2.5 2 1 4 2 2
-4727.0 8030.5 -58.2 250 0 10.8 20.8 5.0 2.5 2 1 2 4 4
6509.4 -3109.5 12.6 22 0 16.6 6.4 5.0 2.5 4 0 2 2 2
6490.4 -3167.5 13.8 97 0 6.6 15.6 5.0 2.5 2 1 2 2 2
6663.1 -2276.1 -5.5 17 0 8.3 50.4 10.0 2.5 2 1 4 1 1
6685.9 -2280.8 -4.1 282 0 23.6 6.8 5.0 2.5 2 0 2 5 5
6602.3 -2677.0 -2.8 174 0 11.3 34.0 10.0 2.5 2 1 4 2 2
6911.9 -2478.8 -5.4 101 0 7.7 19.7 5.0 2.5 2 1 2 4 4
6875.3 -2445.5 -6.2 11 0 23.8 10.0 5.0 2.5 2 0 2 1 1
6889.3 -2481.3 -6.1 99 0 29.9 11.2 7.5 2.5 2 0 3 1 1
6603.4 -2281.3 -7.0 16 0 16.9 9.2 5.0 2.5 2 0 2 0 0
-5667.2 1282.4 -35.2 47 0 96.1 97.4 15.0 0.0 0 1 6 2 2
-5755.3 1197.8 -32.8 55 0 38.8 56.3 10.0 0.0 0 1 4 4 4
-5779.1 1280.7 -34.4 312 0 8.5 39.1 12.5 0.0 0 1 5 2 2
-5880.9 1299.4 -35.8 130 0 15.2 60.4 10.0 0.0 0 1 4 4 4
-6953.1 -7647.0 -56.5 104 0 6.0 8.4 7.5 2.5 2 1 3 3 3
-6949.1 -7643.6 -56.2 194 0 8.4 6.0 2.5 2.5 2 0 1 0 0
-5998.1 4475.1 -73.2 210 0 15.5 19.2 10.0 0.0 0 1 4 1 1
-5983.2 4448.4 -72.9 121 0 12.2 6.7 7.0 2.5 4 0 2 0 0
-4420.5 5111.0 -27.2 264 0 7.4 26.7 10.0 0.0 0 1 4 3 3
-2106.4 2187.2 -51.9 355 0 10.6 17.6 12.5 2.5 2 1 5 5 5
-2113.1 2239.0 -53.9 355 0 12.3 29.9 10.0 0.0 0 1 4 0 0
3990.7 -1008.5 -9.9 161 0 23.5 30.0 12.5 2.5 2 1 5 0 0
5674.7 -6248.6 -10.0 91 0 7.4 26.9 10.0 0.0 0 1 4 3 3
-6142.9 -108.6 -76.9 98 0 11.1 30.0 10.0 2.5 2 1 4 0 0
-2799.9 -6981.6 23.9 134 0 11.2 13.2 5.0 2.5 2 1 2 0 0
-2756.0 -6807.4 23.6 359 0 14.4 21.7 7.5 0.0 0 1 3 3 3
-2742.9 -6816.9 24.6 273 0 12.3 7.7 5.0 2.5 2 0 2 3 3
-2690.2 -6953.8 27.9 317 0 8.4 30.5 10.0 2.5 2 1 4 1 1
-2748.1 -6951.1 26.9 225 0 7.6 20.9 7.5 2.5 2 1 3 5 5
-3679.2 -5277.0 -39.6 18 0 6.4 23.9 12.5 2.5 4 1 5 4 4
-1955.1 4160.8 -2.0 302 0 7.9 21.3 7.0 2.5 2 1 2 4 4
-2010.3 4110.2 -1.1 214 0 22.1 48.3 10.0 2.5 2 1 4 5 5
-1985.3 4172.5 -2.5 38 0 10.1 31.9 7.5 2.5 2 1 3 5 5
-1940.3 4103.6 -0.1 303 0 21.0 8.9 5.0 2.5 2 0 2 5 5
-1978.0 4197.4 -2.9 40 0 30.5 41.6 7.5 0.0 0 1 3 3 3
-1961.3 4117.6 -1.0 304 0 24.1 22.3 10.0 2.5 2 0 4 4 4
-1933.9 4147.2 -1.7 302 0 39.0 8.4 12.5 2.5 2 0 5 2 2
-2613.4 4377.2 -4.5 97 0 6.9 25.9 10.0 2.5 2 1 4 2 2
-3841.0 4827.7 -17.8 150 0 68.8 53.4 5.0 0.0 0 0 2 2 2
-3673.2 4748.9 -17.3 66 0 41.8 163.1 12.5 0.0 0 1 5 1 1
-3715.4 4935.8 -18.2 336 0 45.3 65.6 10.0 0.0 0 1 4 5 5
-4266.0 5348.3 -31.7 329 0 8.9 12.7 7.0 2.5 4 1 2 5 5
1312.0 -3545.2 42.5 29 0 11.1 25.9 7.5 2.5 2 1 3 4 4
1350.8 -3596.0 42.1 119 0 16.0 25.5 12.5 2.5 2 1 5 0 0
1210.4 -3565.6 40.9 203 0 7.8 10.8 7.5 2.5 2 1 3 3 3
993.5 -3773.3 40.4 113 0 11.4 17.5 10.0 2.5 2 1 4 4 4
1077.7 -3517.7 39.6 38 0 26.0 37.4 10.0 0.0 0 1 4 1 1
1224.9 -3456.7 39.8 20 0 6.7 14.7 5.0 2.5 2 1 2 0 0
800.0 -4177.8 42.2 12 0 24.0 7.1 5.0 2.5 2 0 2 5 5
6394.4 -2950.7 5.6 356 0 10.6 13.2 7.5 2.5 2 1 3 3 3
6623.6 -2510.9 -3.3 23 0 10.2 46.3 12.5 2.5 2 1 5 0 0
6619.8 -2612.4 -3.6 21 0 6.1 13.4 10.0 0.0 0 1 4 3 3
6822.7 -2839.9 0.1 241 0 22.0 20.7 7.5 2.5 2 0 3 2 2
6460.5 -2523.4 -5.6 339 0 17.8 9.6 10.0 2.5 2 0 4 5 5
6723.6 -2602.0 -2.4 112 0 20.7 15.0 15.0 0.0 0 0 6 5 5
6542.2 -2927.0 4.9 264 0 14.4 11.9 5.0 2.5 2 0 2 5 5
6506.3 -2961.0 6.1 177 0 12.8 12.0 7.5 2.5 2 0 3 3 3
6495.3 -2974.1 6.8 354 0 11.6 14.0 5.0 2.5 2 1 2 3 3
6449.9 -2976.4 6.7 264 0 8.7 11.8 5.0 2.5 2 1 2 1 1
6437.3 -2977.6 6.7 264 0 8.3 12.2 7.5 2.5 4 1 3 1 1
6391.0 -2984.8 7.5 265 0 13.2 10.9 5.0 2.5 2 0 2 1 1
6373.9 -3000.7 8.5 85 0 13.3 10.6 7.5 0.0 0 0 3 4 4
6351.7 -2999.6 9.4 111 0 8.0 12.6 5.0 2.5 2 1 2 2 2
6367.3 -2958.4 6.6 86 0 13.1 11.5 7.5 2.5 2 0 3 2 2
6379.1 -2919.6 4.0 176 0 10.5 12.4 7.5 2.5 4 1 3 3 3
6365.0 -2878.4 4.5 355 0 13.4 11.6 5.0 2.5 2 0 2 1 1
6369.0 -2864.7 3.6 86 0 12.3 11.2 5.0 2.5 2 0 2 5 5
6383.8 -2863.2 2.9 84 0 8.5 11.3 5.0 2.5 2 1 2 5 5
6417.1 -2950.7 5.2 175 0 7.6 11.0 7.5 2.5 2 1 3 2 2
6420.9 -2926.0 4.2 266 0 10.5 14.8 5.0 2.5 2 1 2 2 2
6418.1 -2919.6 3.5 87 0 11.9 8.0 5.0 2.5 2 0 2 3 3
6414.5 -2883.6 2.8 263 0 12.3 7.7 5.0 2.5 2 0 2 3 3
6415.4 -2876.3 2.3 84 0 11.6 13.7 2.5 2.5 2 1 1 0 0
6400.4 -2822.2 1.5 265 0 13.2 10.5 5.0 2.5 2 0 2 0 0
6393.3 -2813.7 1.3 355 0 13.0 11.9 5.0 2.5 2 0 2 3 3
6391.0 -2799.6 0.8 356 0 12.8 11.6 5.0 2.5 2 0 2 0 0
6387.8 -2785.2 0.3 356 0 12.8 10.5 5.0 2.5 2 0 2 2 2
6450.0 -2747.5 -2.1 254 0 10.9 13.9 5.0 2.5 2 1 2 3 3
6450.2 -2769.6 -1.4 176 0 7.9 12.5 2.5 0.0 0 1 1 3 3
6453.1 -2777.3 -1.0 265 0 12.8 8.0 5.0 2.5 2 0 2 1 1
6442.8 -2820.2 0.8 176 0 13.2 12.1 5.0 2.5 2 0 2 2 2
6441.6 -2835.4 1.3 173 0 9.0 12.3 2.5 2.5 2 1 1 2 2
6447.8 -2859.0 1.6 84 0 11.2 13.4 7.5 2.5 2 1 3 4 4
6449.3 -2865.5 2.0 263 0 10.6 11.8 2.5 2.5 2 1 1 4 4
6446.3 -2892.4 2.5 176 0 13.4 11.3 5.0 2.5 2 0 2 1 1
6460.7 -2949.5 4.3 86 0 6.1 11.9 5.0 2.5 2 1 2 4 4
6487.3 -2919.1 2.7 88 0 11.2 14.2 5.0 2.5 2 1 2 0 0
6476.2 -2839.3 2.0 268 0 11.2 14.2 5.0 2.5 2 1 2 3 3
6480.2 -2832.9 0.9 88 0 11.2 14.2 5.0 0.0 0 1 2 5 5
6480.5 -2811.4 -1.1 88 1 11.2 14.2 10.0 2.5 2 1 4 0 0
6478.2 -2770.3 -1.8 88 0 11.2 14.2 5.0 2.5 2 1 2 2 2
6505.1 -2755.1 -2.3 178 0 14.2 11.2 5.0 2.5 4 0 2 4 4
6508.3 -2774.9 -1.8 178 0 14.2 11.3 5.0 0.0 0 0 2 5 5
6510.4 -2795.9 -1.3 178 0 14.2 11.2 7.5 2.5 2 0 3 0 0
6514.5 -2821.1 0.8 268 0 11.2 14.2 7.5 2.5 2 1 3 2 2
6538.1 -2848.1 2.4 358 0 14.2 11.2 5.0 2.5 2 0 2 4 4
6509.5 -2890.4 3.0 170 0 12.5 8.0 5.0 2.5 2 0 2 3 3
6510.3 -2871.0 2.9 269 0 12.5 8.0 5.0 2.5 2 0 2 3 3
6517.7 -2814.2 -0.2 88 0 16.3 8.2 5.0 0.0 0 0 2 4 4
6509.9 -2715.2 -3.2 269 0 12.5 8.0 5.0 2.5 2 0 2 3 3
6464.2 -2643.2 -5.2 344 0 7.9 21.3 5.0 2.5 2 1 2 1 1
6395.4 -2602.1 -5.0 252 0 11.1 13.3 5.0 2.5 2 1 2 4 4
6379.3 -2586.6 -4.7 252 0 11.1 13.3 2.5 2.5 2 1 1 1 1
6371.4 -2573.9 -4.8 71 0 11.0 16.3 5.0 2.5 2 1 2 4 4
6411.6 -2551.3 -6.0 142 0 6.8 18.8 5.0 0.0 0 1 2 1 1
6425.4 -2590.5 -5.0 124 0 12.0 8.2 5.0 0.0 0 0 2 3 3
6451.4 -2561.6 -5.5 138 0 12.6 14.0 5.0 2.5 2 1 2 3 3
6454.8 -2610.6 -5.6 122 0 12.6 8.3 5.0 2.5 2 0 2 0 0
6482.9 -2580.0 -5.4 30 0 14.8 11.5 2.5 2.5 2 0 1 2 2
6506.0 -2594.2 -5.4 208 0 18.8 11.4 5.0 2.5 2 0 2 1 1
6490.1 -2604.5 -5.8 209 0 8.5 11.1 5.0 2.5 2 1 2 5 5
6435.4 -2657.6 -4.4 256 0 14.2 11.0 5.0 2.5 2 0 2 4 4
6415.9 -2666.6 -4.1 256 0 14.2 11.0 2.5 2.5 2 0 1 3 3
6349.4 -2654.6 -2.8 76 0 14.2 11.0 5.0 2.5 2 0 2 3 3
6385.6 -2653.9 -4.3 76 0 14.2 11.0 5.0 2.5 2 0 2 4 4
6475.1 -2878.5 2.2 269 0 12.5 8.0 5.0 2.5 2 0 2 2 2
6477.9 -2890.6 2.4 269 0 12.5 8.0 5.0 2.5 2 0 2 4 4
6494.4 -2630.7 -5.9 177 0 6.3 17.8 5.0 2.5 2 1 2 5 5
6514.7 -2679.5 -4.1 265 0 12.8 8.2 5.0 2.5 2 0 2 1 1
6530.0 -2679.8 -4.0 265 0 12.8 8.2 2.5 2.5 2 0 1 1 1
6562.1 -2780.8 -2.4 76 0 8.8 24.9 7.5 2.5 2 1 3 5 5
6559.8 -2784.7 -0.4 256 0 8.8 24.9 7.5 2.5 2 1 3 5 5
6573.2 -2826.6 2.3 336 0 7.6 29.7 5.0 0.0 0 1 2 0 0
6550.7 -2656.6 -3.9 119 0 13.3 11.2 5.0 2.5 2 0 2 5 5
6574.9 -2716.0 -3.5 168 0 19.7 10.8 2.5 2.5 2 0 1 5 5
6597.5 -2793.8 -0.5 167 0 16.9 8.5 7.5 2.5 2 0 3 4 4
6596.6 -2817.3 1.0 179 0 16.9 8.5 7.5 2.5 2 0 3 3 3
6595.8 -2836.7 2.5 207 0 16.9 8.5 5.0 2.5 2 0 2 0 0
6563.0 -2869.9 4.3 167 0 16.1 9.3 5.0 2.5 2 0 2 4 4
6583.5 -2918.4 6.3 58 0 8.8 11.5 7.5 2.5 2 1 3 4 4
6643.2 -2750.5 -2.7 168 0 14.2 9.0 5.0 2.5 2 0 2 3 3
6646.9 -2764.8 -2.7 167 0 11.5 8.6 5.0 2.5 2 0 2 2 2
6655.2 -2787.3 -2.0 167 0 9.1 8.4 5.0 2.5 2 0 2 4 4
6621.5 -2752.7 -2.7 257 0 8.4 9.1 5.0 2.5 4 1 2 0 0
6628.1 -2780.5 -2.5 77 0 8.7 18.2 7.5 0.0 0 1 3 3 3
6657.6 -2712.7 -1.9 174 0 21.6 9.9 5.0 2.5 4 0 2 1 1
6400.3 -2699.1 -3.2 209 0 10.6 8.2 5.0 2.5 4 0 2 2 2
6418.9 -2703.1 -3.4 76 0 8.2 10.6 2.5 2.5 2 1 1 3 3
6440.5 -2702.3 -3.5 117 0 8.2 10.6 2.5 0.0 0 1 1 0 0
6443.7 -2718.3 -2.9 213 0 8.2 10.6 5.0 2.5 2 1 2 4 4
6449.3 -2732.9 -2.7 33 0 8.2 10.6 5.0 2.5 2 1 2 0 0
6406.5 -2726.5 -2.4 300 0 8.2 10.6 5.0 0.0 0 1 2 5 5
6398.8 -2721.6 -2.5 300 0 8.2 10.6 5.0 2.5 2 1 2 4 4
6375.5 -2743.0 -1.4 257 0 8.2 10.6 5.0 0.0 0 1 2 3 3
6350.1 -2722.7 -1.1 77 0 8.2 10.6 5.0 2.5 2 1 2 2 2
6327.1 -2698.4 -1.1 166 0 6.5 10.5 5.0 2.5 4 1 2 3 3
6293.6 -2709.7 0.8 31 0 6.4 10.5 5.0 2.5 2 1 2 5 5
6306.1 -2698.0 0.0 31 0 6.4 10.5 5.0 2.5 2 1 2 5 5
6327.9 -2690.1 -1.2 165 0 6.5 7.2 5.0 2.5 2 1 2 0 0
6325.9 -2680.7 -1.3 165 0 6.5 7.2 5.0 2.5 2 1 2 0 0
6322.7 -2672.0 -1.4 165 0 6.5 7.2 2.5 2.5 2 1 1 1 1
6310.9 -2635.2 -0.3 114 0 6.4 7.2 5.0 2.5 2 1 2 1 1
6299.3 -2640.2 0.5 24 0 7.2 6.4 5.0 2.5 2 0 2 4 4
6285.7 -2682.4 0.5 294 0 6.4 7.2 7.5 2.5 2 1 3 5 5
6279.5 -2675.9 1.1 345 0 6.5 7.2 5.0 2.5 2 1 2 0 0
6266.6 -2650.1 2.3 343 0 6.5 7.2 5.0 2.5 2 1 2 1 1
6297.0 -2726.0 1.0 294 0 6.5 7.2 5.0 2.5 2 1 2 5 5
6314.7 -3020.4 11.9 34 0 13.2 8.2 5.0 2.5 2 0 2 1 1
6328.2 -3042.7 12.5 237 0 8.2 14.0 5.0 2.5 2 1 2 3 3
6311.8 -3063.1 13.2 147 0 6.2 18.1 7.5 2.5 2 1 3 4 4
6347.8 -3111.0 14.6 55 0 9.1 21.4 5.0 2.5 2 1 2 2 2
6330.4 -3088.3 14.3 147 0 8.4 12.0 5.0 2.5 2 1 2 3 3
6381.4 -3069.6 12.4 322 0 8.2 12.4 5.0 2.5 4 1 2 4 4
6388.9 -3065.3 11.4 55 0 13.7 8.2 5.0 2.5 2 0 2 4 4
6392.2 -3057.6 10.6 147 0 11.9 14.3 7.5 2.5 2 1 3 3 3
6416.4 -3048.4 10.0 55 0 10.8 10.5 5.0 2.5 2 0 2 1 1
6428.6 -3040.5 9.6 56 0 11.5 10.4 5.0 2.5 4 0 2 1 1
6456.7 -3037.4 9.5 202 0 18.3 10.6 5.0 2.5 4 0 2 5 5
6441.6 -3070.5 11.3 206 0 9.0 11.3 5.0 2.5 2 1 2 2 2
6435.2 -3083.7 12.0 206 0 9.0 11.3 5.0 2.5 4 1 2 2 2
6423.5 -3110.2 13.2 206 0 9.0 11.3 2.5 2.5 2 1 1 4 4
6412.4 -3136.2 13.8 207 0 10.0 9.3 5.0 2.5 2 0 2 5 5
6372.1 -3115.9 14.1 231 0 9.3 15.4 5.0 2.5 4 1 2 2 2
6387.2 -3164.3 14.2 145 0 10.4 11.8 5.0 2.5 2 1 2 3 3
6394.2 -3173.5 14.2 147 0 8.5 16.0 5.0 2.5 2 1 2 5 5
6486.6 -3200.2 14.6 22 0 7.7 14.5 5.0 0.0 0 1 2 2 2
6518.9 -3095.4 12.0 13 0 7.9 19.1 5.0 2.5 2 1 2 0 0
6521.3 -3015.9 8.3 83 0 9.8 15.5 2.5 0.0 0 1 1 4 4
6301.1 -2986.1 10.8 177 0 11.3 15.6 5.0 0.0 0 1 2 0 0
6307.5 -2961.2 6.7 88 0 9.2 21.0 7.5 2.5 4 1 3 4 4
6298.0 -2927.8 5.7 179 0 17.2 9.5 7.5 2.5 2 0 3 4 4
6299.7 -2909.0 4.2 79 0 10.2 20.1 5.0 0.0 0 1 2 3 3
6292.5 -2875.2 3.8 177 0 11.8 10.9 5.0 2.5 2 0 2 1 1
6289.6 -2854.0 4.6 266 0 11.0 12.7 7.5 2.5 4 1 3 2 2
6337.4 -2783.2 1.1 346 0 6.1 28.7 7.5 2.5 2 1 3 0 0
6259.9 -2754.9 1.8 165 0 6.9 12.3 5.0 2.5 2 1 2 2 2
6235.8 -2693.3 2.7 166 0 6.9 12.3 5.0 2.5 2 1 2 4 4
6225.1 -2657.0 4.2 123 0 8.0 13.0 7.5 2.5 2 1 3 0 0
6312.3 -2564.3 -2.4 251 0 6.9 10.7 7.5 2.5 2 1 3 0 0
6321.0 -2574.8 -2.6 252 0 12.6 12.9 5.0 2.5 2 1 2 5 5
6274.0 -2600.3 1.4 339 0 8.8 19.7 5.0 2.5 2 1 2 4 4
6198.5 -2607.7 5.8 288 0 7.4 15.9 7.5 2.5 2 1 3 2 2
6072.6 -2679.8 0.9 190 0 9.9 23.4 7.5 2.5 2 1 3 0 0
6497.5 -2532.8 -4.7 297 0 9.1 9.3 5.0 2.5 2 1 2 2 2
6528.6 -2546.0 -4.1 297 0 9.6 13.3 7.5 0.0 0 1 3 0 0
6541.2 -2553.9 -3.7 298 0 9.9 9.7 5.0 2.5 4 0 2 1 1
6552.5 -2560.0 -3.5 294 0 6.6 14.6 5.0 2.5 2 1 2 3 3
6669.4 -2327.5 -6.2 230 0 9.1 9.2 10.0 2.5 4 1 4 5 5
6888.8 -2437.0 -5.8 189 0 11.9 18.4 2.5 2.5 2 1 1 4 4
6553.1 -2371.1 -7.3 322 0 9.3 14.7 5.0 2.5 2 1 2 3 3
3967.1 4577.7 39.4 82 0 12.0 20.4 7.5 2.5 2 1 3 5 5
-2244.2 7729.1 -28.9 305 0 9.3 7.3 2.5 2.5 2 0 1 2 2
6467.6 -4886.9 34.8 219 0 6.6 18.9 10.0 2.5 2 1 4 5 5
5350.9 -6212.5 -6.4 222 0 14.5 11.9 2.5 2.5 2 0 1 3 3
5978.4 -6112.9 -7.7 197 0 18.6 36.8 7.5 0.0 0 1 3 3 3
6451.8 -4910.4 35.6 213 0 18.0 19.4 12.5 2.5 2 1 5 3 3
6476.8 -4874.3 33.9 220 0 7.2 18.0 5.0 2.5 2 1 2 3 3
1037.9 -5173.9 37.4 102 0 17.6 124.8 10.0 0.0 0 1 4 4 4
963.4 -5052.2 35.5 103 0 60.3 22.9 10.0 2.5 2 0 4 1 1
3316.0 -5079.1 54.8 185 0 15.1 18.5 10.0 2.5 2 1 4 5 5
988.8 -5163.3 36.2 103 0 18.0 127.0 7.5 0.0 0 1 3 1 1
1014.0 -5169.0 36.8 103 0 18.0 125.9 10.0 0.0 0 1 4 3 3
3363.0 -5087.1 56.4 5 0 8.6 16.8 5.0 2.5 2 1 2 1 1
3296.8 -5092.6 53.3 185 0 25.6 14.0 15.0 0.0 0 0 6 1 1
5727.5 -6285.3 -12.7 11 0 8.8 12.2 5.0 2.5 2 1 2 4 4
5743.4 -6223.6 -9.8 12 0 13.6 10.7 5.0 2.5 2 0 2 3 3
5704.1 -6196.3 -8.5 295 0 15.8 10.3 7.0 0.0 0 0 2 2 2
5529.5 -6119.6 -8.5 109 0 18.8 17.9 7.5 2.5 2 0 3 3 3
6109.2 -6650.6 -22.5 203 0 10.6 9.2 5.0 0.0 0 0 2 1 1
6224.5 -6653.0 -23.4 339 0 13.1 15.8 7.5 2.5 2 1 3 2 2
6055.0 -6477.8 -21.4 304 0 13.3 38.3 7.5 0.0 0 1 3 5 5
6102.9 -6694.9 -21.6 36 0 14.0 23.5 7.5 2.5 2 1 3 1 1
6210.5 -6687.5 -23.8 137 0 11.3 27.6 10.0 2.5 2 1 4 1 1
-1995.8 -7664.3 33.0 272 0 7.2 15.6 2.5 2.5 2 1 1 0 0
80.0 7323.7 -16.7 304 0 11.0 7.7 14.0 2.5 2 0 4 0 0
77.7 7310.4 -17.3 33 0 9.3 9.1 5.0 0.0 0 0 2 5 5
5925.3 -2835.0 -2.8 214 0 41.2 40.5 10.0 0.0 0 0 4 0 0
5848.3 -2881.1 2.7 234 0 9.1 19.0 10.0 0.0 0 1 4 1 1
6578.2 -4512.3 40.6 284 0 11.3 35.1 12.5 2.5 2 1 5 5 5
5609.9 -3169.3 9.4 117 0 10.0 40.6 10.0 2.5 2 1 4 3 3
5585.0 -3156.5 12.1 117 0 18.9 18.5 12.5 2.5 2 0 5 5 5
5603.0 -3063.7 13.7 225 0 8.5 24.4 5.0 2.5 2 1 2 3 3
5646.0 -3031.0 10.4 228 0 6.9 22.7 5.0 2.5 2 1 2 1 1
-6889.5 -7467.4 -50.9 11 0 7.1 10.7 5.0 2.5 2 1 2 0 0
-6893.0 -7484.4 -51.5 11 0 7.2 10.7 5.0 2.5 2 1 2 1 1
-6904.2 -7535.5 -52.6 12 0 6.3 11.8 5.0 2.5 2 1 2 5 5
-6917.1 -7575.2 -52.9 102 0 7.8 10.1 5.0 2.5 4 1 2 3 3
-6281.6 -6031.8 -6.3 189 0 38.8 9.4 10.0 2.5 2 0 4 3 3
-6950.7 -7588.8 -54.9 193 0 7.2 6.0 5.0 0.0 0 0 2 5 5
-6943.1 -7454.7 -54.9 281 0 7.3 6.2 5.0 2.5 2 0 2 4 4
-6949.7 -7469.1 -54.9 191 0 6.2 7.3 5.0 2.5 4 1 2 3 3
-6335.6 144.7 -79.4 198 0 17.3 16.4 12.5 2.5 2 0 5 4 4
-2117.1 2576.8 -37.1 90 0 13.3 33.4 10.0 2.5 2 1 4 1 1
-3416.2 1495.1 -49.9 278 0 8.3 28.9 2.5 2.5 2 1 1 3 3
-5797.0 -3599.6 -33.8 135 0 15.5 16.3 7.5 2.5 2 1 3 4 4
1196.7 3119.8 -24.5 177 0 26.5 9.3 5.0 2.5 2 0 2 3 3
1176.7 3184.0 -23.4 187 0 27.9 21.2 15.0 2.5 2 0 6 4 4
5393.5 -2037.6 -12.9 308 0 23.7 36.6 10.0 0.0 0 1 4 3 3
383.2 3158.1 -29.7 114 0 11.9 17.2 10.0 2.5 2 1 4 3 3
458.4 3101.1 -32.0 285 0 14.1 17.3 5.0 2.5 2 1 2 2 2
554.8 3058.0 -32.1 292 0 13.5 8.8 5.0 2.5 4 0 2 1 1
577.5 3049.4 -32.3 295 0 11.1 7.3 7.5 2.5 2 0 3 1 1
637.9 3021.3 -30.8 290 0 10.8 7.6 5.0 2.5 2 0 2 3 3
608.2 3041.6 -32.4 289 0 20.6 8.9 7.5 2.5 2 0 3 4 4
640.2 3086.4 -31.5 274 0 7.4 11.5 2.5 2.5 2 1 1 0 0
693.4 3027.6 -31.3 286 0 7.6 8.2 7.5 2.5 2 1 3 4 4
752.7 2998.3 -30.6 292 0 16.0 9.1 10.0 2.5 2 0 4 3 3
718.8 3021.1 -31.5 92 0 7.7 9.4 7.5 2.5 2 1 3 5 5
722.6 3045.3 -31.8 272 0 9.1 13.3 5.0 2.5 2 1 2 1 1
684.3 3069.8 -31.6 1 0 13.6 14.2 5.0 0.0 0 1 2 5 5
-6606.7 -6628.6 -20.4 192 0 8.9 18.4 3.5 2.5 2 1 1 4 4
3279.5 -1741.3 37.3 340 0 13.7 19.1 15.0 0.0 0 1 6 2 2
-6527.2 -22.0 -79.4 60 0 11.9 9.3 5.0 2.5 2 0 2 3 3
-6522.3 34.6 -80.2 51 0 19.0 19.0 10.0 2.5 4 0 4 4 4
-6424.4 84.7 -80.2 222 0 7.7 12.6 5.0 0.0 0 1 2 4 4
-6419.7 90.0 -80.1 222 0 6.4 12.6 5.0 2.5 2 1 2 2 2
-6404.4 127.5 -79.8 315 0 11.6 24.3 7.5 2.5 2 1 3 0 0
-6634.5 -57.4 -77.2 237 0 6.3 29.7 10.0 2.5 2 1 4 0 0
-6881.7 -7440.5 -49.7 10 0 7.8 8.6 5.0 2.5 2 1 2 4 4
-6878.5 -7425.7 -49.1 8 0 7.8 8.5 5.0 2.5 2 1 2 3 3
-6868.7 -7362.0 -47.3 8 0 7.8 8.5 5.0 2.5 2 1 2 5 5
-6870.8 -7377.3 -47.6 8 0 7.8 8.5 5.0 2.5 2 1 2 2 2
-6871.9 -7385.0 -47.8 8 0 7.8 8.5 5.0 2.5 4 1 2 0 0
-6863.6 -7323.4 -47.2 1 0 7.8 8.6 5.0 2.5 2 1 2 4 4
-6863.7 -7331.2 -47.1 1 0 7.8 8.6 5.0 2.5 2 1 2 3 3
-6863.8 -7338.9 -47.0 1 0 7.8 8.5 5.0 2.5 2 1 2 5 5
-6863.9 -7346.7 -47.0 1 0 7.8 8.5 5.0 2.5 2 1 2 0 0
-6866.4 -7301.1 -47.8 356 0 6.7 8.5 5.0 2.5 2 1 2 1 1
-6878.7 -7256.3 -49.2 342 0 6.7 8.5 5.0 2.5 2 1 2 5 5
-6892.1 -7234.1 -50.4 303 0 6.7 8.6 5.0 2.5 2 1 2 5 5
-6886.4 -7237.8 -49.8 303 0 6.7 8.6 5.0 2.5 2 1 2 4 4
-6900.6 -7221.9 -51.5 335 0 6.7 8.5 5.0 2.5 2 1 2 2 2
-6828.9 -7314.3 -44.6 296 0 9.8 7.6 7.5 2.5 2 0 3 3 3
-6842.1 -7328.6 -44.6 181 0 7.8 10.5 7.5 2.5 2 1 3 4 4
-6836.8 -7382.1 -44.4 192 0 6.8 10.4 2.5 2.5 2 1 1 0 0
-6839.2 -7392.8 -44.8 191 0 6.7 13.2 2.5 2.5 2 1 1 4 4
-6840.4 -7399.4 -45.2 191 0 6.7 13.2 2.5 2.5 2 1 1 4 4
-6843.6 -7410.0 -45.6 192 0 6.2 13.1 2.5 2.5 2 1 1 0 0
-6847.9 -7429.9 -46.2 191 0 9.7 9.3 2.5 2.5 2 0 1 1 1
-6840.1 -7448.3 -46.7 39 0 7.8 15.3 2.5 2.5 2 1 1 3 3
-4979.3 -6336.9 -39.0 109 0 29.3 7.3 5.0 2.5 2 0 2 5 5
-4839.9 -6619.4 -30.1 120 0 8.6 17.6 5.0 2.5 2 1 2 5 5
-5290.9 -5174.0 -59.6 178 0 9.7 44.8 17.5 0.0 0 1 7 5 5
-5326.9 -5184.5 -61.2 166 0 6.3 32.1 5.0 2.5 2 1 2 5 5
-5271.9 -5252.8 -58.3 349 0 6.2 22.0 2.5 2.5 2 1 1 0 0
-5297.8 -5258.9 -59.8 350 0 6.3 20.5 5.0 2.5 2 1 2 5 5
-5376.7 -5153.1 -62.8 173 0 32.7 10.4 12.5 2.5 2 0 5 5 5
-5357.4 -5236.8 -62.7 258 0 7.9 31.3 7.5 2.5 2 1 3 4 4
-5083.7 -5180.7 -52.1 184 0 6.0 8.8 5.0 2.5 2 1 2 4 4
-5012.9 -6320.2 -41.4 109 0 22.1 47.7 10.0 2.5 2 1 4 2 2
-5300.1 -6221.8 -52.5 102 0 6.8 7.4 7.5 0.0 0 1 3 4 4
-5209.1 -6237.6 -50.4 103 0 38.3 28.1 12.5 0.0 0 0 5 0 0
-5262.8 -6210.3 -51.9 193 0 28.3 31.6 10.0 0.0 0 1 4 2 2
-5455.0 -4356.7 -27.2 94 0 11.9 16.9 10.0 2.5 2 1 4 4 4
-5122.1 -4285.2 -41.5 143 0 6.3 18.4 5.0 2.5 2 1 2 0 0
-5101.3 -4300.3 -41.9 162 0 16.8 25.9 7.5 2.5 2 1 3 3 3
-5066.8 -4261.6 -40.4 176 0 20.4 16.8 10.0 0.0 0 0 4 3 3
-5062.3 -4334.9 -41.8 172 0 30.4 9.8 12.5 0.0 0 0 5 4 4
-4415.7 -4750.3 -27.0 86 0 27.4 30.8 10.0 0.0 0 1 4 3 3
-4657.7 -4778.9 -38.9 268 0 12.0 14.0 7.5 2.5 2 1 3 4 4
-4661.4 -4847.7 -40.7 184 0 6.1 22.0 7.5 2.5 2 1 3 5 5
-4657.8 -4869.3 -40.7 188 0 21.7 23.5 12.5 2.5 2 1 5 2 2
-4561.2 -4792.5 -35.5 160 0 24.8 37.0 10.0 0.0 0 1 4 3 3
-4585.3 -4781.3 -40.2 311 0 22.6 63.8 12.5 0.0 0 1 5 2 2
-4590.5 -4876.6 -38.0 88 0 10.6 33.6 12.5 2.5 2 1 5 2 2
-6525.6 -8314.3 -82.6 282 0 9.4 20.0 5.0 0.0 0 1 2 2 2
-6516.4 -8208.4 -82.5 216 0 6.6 18.1 7.5 0.0 0 1 3 1 1
-6525.6 -8226.8 -82.9 191 0 7.5 6.8 2.5 2.5 2 0 1 0 0
-6499.4 -8258.5 -82.9 3 0 11.5 29.0 10.0 2.5 2 1 4 5 5
-6205.4 -8056.5 -68.3 210 0 18.8 9.5 10.0 2.5 2 0 4 4 4
-6230.2 -8049.6 -69.9 211 0 23.2 14.5 7.5 2.5 2 0 3 5 5
-6272.7 -8009.6 -74.3 215 0 18.7 20.5 10.0 0.0 0 1 4 2 2
-6290.0 -8012.0 -75.4 217 0 6.4 24.5 10.0 0.0 0 1 4 5 5
-6243.4 -8002.5 -73.5 126 0 14.3 11.6 7.5 2.5 2 0 3 4 4
6684.3 -284.3 52.7 225 0 25.6 31.9 12.5 0.0 0 1 5 2 2
6719.2 -328.6 53.1 126 0 10.2 11.3 2.5 2.5 2 1 1 0 0
6710.2 -2778.3 -2.7 348 0 39.4 12.2 7.5 2.5 2 0 3 5 5
-3887.5 -3857.7 -15.6 96 0 18.8 19.4 12.5 2.5 2 1 5 3 3
-3865.2 -3668.3 -13.5 268 0 11.4 6.1 7.5 0.0 0 0 3 4 4
-3796.3 -3909.0 -11.4 212 0 8.3 23.6 2.5 2.5 2 1 1 1 1
-2503.4 -4728.5 17.3 184 0 7.6 19.5 10.0 0.0 0 1 4 4 4
-2606.7 -4620.7 25.0 186 0 8.8 23.3 10.0 2.5 2 1 4 0 0
-1884.7 -6435.5 -25.2 207 0 8.2 11.8 10.0 2.5 2 1 4 5 5
-1933.1 -6429.6 -24.5 117 0 18.2 12.9 7.5 2.5 2 0 3 2 2
-2336.9 -6058.0 -40.4 111 0 7.7 18.8 7.5 2.5 2 1 3 5 5
-2890.9 -4540.7 24.9 93 0 17.2 13.4 10.0 2.5 2 0 4 4 4
-2960.7 -4579.1 22.8 95 0 10.0 9.9 10.0 2.5 2 0 4 0 0
-1603.6 -6562.7 -23.4 202 0 9.1 27.4 10.0 2.5 4 1 4 2 2
-1518.5 -6593.7 -25.9 16 0 8.4 56.4 7.5 2.5 2 1 3 3 3
-1489.0 -6570.2 -24.9 18 0 9.3 13.1 7.5 2.5 2 1 3 0 0
-1455.5 -6501.8 -30.3 195 0 10.2 11.6 7.5 2.5 2 1 3 1 1
-1744.2 -7420.8 33.5 298 0 10.3 10.6 2.5 0.0 0 1 1 4 4
4787.6 -2000.8 34.4 128 0 18.9 31.8 5.0 0.0 0 1 2 0 0
4329.4 -7814.9 62.4 124 0 17.7 15.2 7.5 0.0 0 0 3 2 2
-1289.5 -7508.1 36.1 123 0 7.3 7.4 5.0 0.0 0 1 2 2 2
-1410.8 -7435.7 36.5 193 0 8.6 13.1 5.0 2.5 2 1 2 1 1
-1251.6 -7491.0 35.9 210 0 7.6 16.9 5.0 2.5 2 1 2 4 4
-1261.2 -7486.4 35.8 119 0 8.0 13.4 7.5 0.0 0 1 3 2 2
-6737.7 -6352.8 -20.9 106 0 14.5 10.8 5.0 2.5 2 0 2 2 2
-6737.4 -6467.1 -21.2 280 0 15.7 22.3 10.0 0.0 0 1 4 2 2
-6600.5 -6417.7 -16.0 199 0 28.1 8.9 7.5 2.5 2 0 3 0 0
-6426.8 -6576.4 -22.2 208 0 45.5 15.1 12.5 2.5 4 0 5 5 5
-6526.3 -6494.0 -16.0 78 0 43.0 8.4 7.5 2.5 2 0 3 0 0
-6532.4 -6427.7 -13.7 103 0 12.6 10.2 10.0 2.5 2 0 4 4 4
-6497.1 -6506.4 -16.0 272 0 6.9 9.2 7.5 2.5 2 1 3 1 1
-6479.2 -6538.4 -16.3 28 0 7.7 10.0 5.0 2.5 2 1 2 4 4
-6487.7 -6540.8 -15.9 298 0 9.9 16.0 10.0 0.0 0 1 4 5 5
-6470.8 -6560.4 -16.8 276 0 21.4 9.2 7.5 2.5 2 0 3 1 1
-6507.5 -6628.5 -16.9 100 0 7.4 10.5 5.0 2.5 2 1 2 5 5
-6471.2 -6610.6 -17.6 95 0 13.0 16.9 7.5 2.5 4 1 3 3 3
-6505.6 -6591.6 -15.6 151 0 13.6 10.8 5.0 2.5 2 0 2 2 2
-6516.9 -6569.6 -15.6 151 0 8.5 10.3 10.0 2.5 2 1 4 1 1
-6524.9 -6539.5 -16.2 193 0 11.8 10.8 2.5 2.5 2 0 1 2 2
-6462.1 -6539.9 -17.3 211 0 10.8 8.7 7.5 0.0 0 0 3 5 5
-6452.7 -6499.3 -17.2 179 0 7.2 9.9 7.5 2.5 4 1 3 1 1
-6470.0 -6493.0 -15.8 99 0 11.2 6.6 5.0 2.5 2 0 2 3 3
-6471.8 -6451.5 -15.3 234 0 13.9 11.9 7.5 2.5 2 0 3 1 1
-6461.0 -6419.7 -13.2 314 0 6.1 9.2 5.0 2.5 2 1 2 4 4
-6494.6 -6434.4 -13.6 105 0 26.1 10.2 12.5 2.5 2 0 5 0 0
-6509.5 -6427.9 -13.2 11 0 10.4 11.6 5.0 2.5 2 1 2 2 2
-6502.7 -6467.9 -15.3 9 0 15.0 7.0 7.5 2.5 2 0 3 0 0
-6532.2 -6457.0 -14.6 280 0 10.2 12.0 7.5 2.5 2 1 3 1 1
-6566.1 -6410.8 -14.8 279 0 11.3 11.0 5.0 0.0 0 0 2 4 4
-6569.9 -6437.3 -15.1 95 0 10.8 11.7 7.5 2.5 2 1 3 1 1
-6586.2 -6482.0 -16.8 6 0 11.3 10.2 7.5 2.5 2 0 3 3 3
-6617.2 -6472.1 -17.3 180 0 11.1 7.8 7.5 2.5 2 0 3 3 3
-6639.6 -6463.7 -18.5 280 0 33.1 10.6 10.0 0.0 0 0 4 3 3
-6633.2 -6436.5 -17.6 19 0 21.0 9.1 7.5 2.5 2 0 3 1 1
-6631.1 -6426.1 -17.0 112 0 12.3 10.1 7.5 2.5 2 0 3 5 5
-6614.2 -6400.4 -16.3 23 0 9.0 6.8 7.5 2.5 2 0 3 3 3
-6629.4 -6390.4 -17.1 292 0 19.4 12.2 10.0 0.0 0 0 4 5 5
-6672.4 -6408.3 -17.8 179 0 7.3 14.0 7.5 2.5 2 1 3 5 5
-6680.4 -6493.2 -20.1 99 0 9.6 19.0 7.5 2.5 2 1 3 1 1
-6697.7 -6571.8 -23.1 101 0 10.2 63.3 10.0 0.0 0 1 4 1 1
-6640.0 -6582.2 -19.8 99 0 10.8 18.0 10.0 2.5 2 1 4 4 4
-6655.1 -6558.7 -20.4 99 0 7.0 24.3 5.0 0.0 0 1 2 5 5
-6668.2 -6577.3 -22.2 101 0 36.9 9.8 10.0 2.5 2 0 4 2 2
-6697.2 -6575.6 -23.7 280 0 13.7 29.3 10.0 2.5 2 1 4 0 0
-6705.3 -6606.4 -26.1 281 0 11.0 78.5 10.0 2.5 2 1 4 5 5
-6604.3 -6516.1 -17.7 173 0 7.1 9.6 5.0 2.5 4 1 2 2 2
-6585.2 -6508.5 -17.3 272 0 16.7 12.5 5.0 2.5 2 0 2 0 0
-6565.5 -6511.8 -16.8 279 0 19.8 9.8 5.0 2.5 2 0 2 0 0
-6559.5 -6533.2 -16.9 9 0 7.3 19.4 10.0 0.0 0 1 4 1 1
-6540.4 -6530.1 -16.6 12 0 12.1 12.5 7.5 2.5 4 1 3 3 3
-6543.0 -6542.7 -16.5 11 0 13.5 10.7 10.0 2.5 2 0 4 3 3
-6545.4 -6555.4 -16.3 11 0 12.5 11.0 7.5 2.5 4 0 3 3 3
-6534.7 -6576.3 -15.8 6 0 9.8 12.6 10.0 2.5 4 1 4 2 2
-6560.1 -6568.8 -16.3 6 0 17.4 12.5 5.0 2.5 2 0 2 3 3
-6599.1 -6538.2 -17.7 177 0 18.3 8.8 7.5 2.5 2 0 3 5 5
-6596.9 -6568.1 -17.1 189 0 25.7 10.9 7.5 2.5 2 0 3 4 4
-6606.4 -6608.9 -19.4 189 0 17.5 32.3 12.5 2.5 4 1 5 1 1
-6513.6 -6693.1 -19.7 28 0 6.9 12.1 7.5 2.5 2 1 3 3 3
-6537.9 -6676.3 -20.3 233 0 12.7 7.2 10.0 2.5 2 0 4 5 5
-6547.2 -6685.5 -20.3 222 0 9.8 10.6 7.5 2.5 2 1 3 5 5
-6555.9 -6693.6 -20.3 220 0 12.0 10.6 7.5 2.5 2 0 3 3 3
-6563.6 -6705.1 -20.2 212 0 11.1 10.6 5.0 2.5 2 0 2 3 3
-6568.6 -6717.6 -20.0 199 0 9.7 10.6 7.5 2.5 2 1 3 2 2
-6572.6 -6728.8 -19.9 192 0 9.5 10.2 10.0 2.5 2 1 4 1 1
-6578.6 -6769.5 -19.2 98 0 7.5 8.6 7.5 0.0 0 1 3 4 4
-6568.4 -6770.8 -19.2 98 0 9.8 10.3 5.0 2.5 2 1 2 3 3
-6460.2 -6637.8 -18.7 11 0 13.9 6.2 2.5 0.0 0 0 1 0 0
-6484.9 -6676.1 -18.8 210 0 29.9 7.3 2.5 0.0 0 0 1 2 2
-6506.4 -6713.1 -18.9 209 0 50.2 13.0 10.0 2.5 2 0 4 3 3
-6508.1 -6761.1 -18.9 31 0 10.4 36.7 10.0 2.5 2 1 4 3 3
-6572.3 -6790.2 -19.2 282 0 9.1 10.1 2.5 0.0 0 1 1 5 5
-6587.4 -6790.5 -19.7 194 0 9.3 8.6 7.5 2.5 2 0 3 2 2
-6591.5 -6816.9 -20.4 190 0 10.5 10.5 7.5 2.5 2 1 3 4 4
-6593.8 -6827.7 -21.1 190 0 9.6 10.2 7.5 2.5 4 1 3 5 5
-6592.9 -6846.5 -21.9 101 0 10.8 9.1 7.5 2.5 2 0 3 0 0
-6572.5 -6862.0 -22.5 205 0 16.8 13.6 5.0 2.5 2 0 2 0 0
-6575.4 -6881.4 -22.7 114 0 10.9 10.3 5.0 2.5 2 0 2 4 4
-6589.8 -6870.4 -23.1 10 0 9.9 10.7 2.5 2.5 2 1 1 5 5
-6623.8 -6866.2 -25.4 193 0 9.0 10.9 7.5 2.5 4 1 3 2 2
-6626.3 -6884.4 -26.3 193 0 10.5 10.9 10.0 2.5 2 1 4 3 3
-6588.6 -6903.4 -24.0 23 0 9.8 9.6 7.5 0.0 0 0 3 4 4
-6604.7 -6903.8 -25.0 100 0 10.2 12.7 7.5 2.5 2 1 3 5 5
-6603.8 -6929.1 -25.7 92 0 8.9 10.5 5.0 2.5 2 1 2 2 2
-6665.9 -6912.3 -31.1 190 0 8.6 26.3 7.5 2.5 2 1 3 2 2
-6666.1 -6929.8 -32.1 251 0 11.2 7.0 7.5 2.5 2 0 3 2 2
-6681.8 -6973.3 -33.4 165 0 9.1 9.8 5.0 2.5 2 1 2 2 2
-6657.9 -6970.8 -32.3 72 0 8.6 24.6 15.0 0.0 0 1 6 0 0
-6632.3 -6956.8 -29.1 161 0 27.5 9.4 10.0 2.5 2 0 4 2 2
-6745.6 -6875.0 -36.3 282 0 10.3 35.2 10.0 2.5 2 1 4 5 5
-6643.4 -6650.7 -23.8 9 0 7.0 16.2 2.5 2.5 4 1 1 4 4
-6676.9 -6646.6 -24.4 279 0 14.7 10.5 7.5 0.0 0 0 3 3 3
-6675.7 -6674.9 -24.0 100 0 16.6 6.3 10.0 2.5 2 0 4 3 3
-6555.7 -6634.7 -19.0 11 0 7.0 8.6 10.0 2.5 2 1 4 5 5
-6552.8 -6658.6 -20.7 13 0 10.9 11.4 5.0 0.0 0 1 2 5 5
-6580.4 -6670.3 -21.5 98 0 7.0 14.9 7.5 2.5 2 1 3 1 1
-6588.5 -6681.0 -21.8 6 0 7.2 14.0 7.5 2.5 2 1 3 5 5
-6586.1 -6704.3 -21.1 28 0 10.2 10.9 7.5 2.5 2 1 3 5 5
-6618.0 -6648.7 -22.7 190 0 23.3 11.0 10.0 2.5 2 0 4 4 4
-6624.9 -6684.5 -22.5 189 0 29.7 10.7 10.0 2.5 2 0 4 1 1
-6607.5 -6725.4 -21.1 100 0 9.2 11.5 10.0 2.5 2 1 4 4 4
-6596.3 -6730.7 -20.6 100 0 6.9 11.4 2.5 2.5 2 1 1 2 2
-6596.7 -6753.5 -20.7 11 0 10.7 7.9 7.5 2.5 2 0 3 5 5
-6612.6 -6804.1 -21.7 103 0 8.3 11.5 7.5 2.5 2 1 3 5 5
-6625.3 -6801.5 -22.9 103 0 16.0 14.2 5.0 2.5 2 0 2 1 1
-6619.0 -6741.1 -21.7 282 0 10.5 8.8 10.0 0.0 0 0 4 2 2
-6622.3 -6755.5 -22.4 279 0 10.3 10.5 2.5 2.5 2 1 1 4 4
-6643.8 -6790.6 -23.6 185 0 10.9 8.5 7.5 2.5 2 0 3 0 0
-6696.0 -6705.4 -25.7 275 0 11.2 9.4 2.5 2.5 2 0 1 5 5
-6682.5 -6712.3 -24.9 6 0 8.8 7.3 5.0 2.5 2 0 2 0 0
-6689.0 -6730.6 -26.3 2 0 15.1 12.0 5.0 2.5 2 0 2 0 0
-6689.6 -6743.9 -26.5 2 0 9.6 10.6 7.5 2.5 2 1 3 0 0
-6692.9 -6767.5 -27.4 3 0 10.6 9.9 10.0 2.5 2 0 4 3 3
-6697.2 -6790.4 -28.0 1 0 9.6 8.8 2.5 2.5 2 0 1 0 0
-6695.3 -6779.7 -27.9 2 0 12.0 8.9 5.0 2.5 2 0 2 4 4
-6710.7 -6796.5 -28.8 0 0 10.0 6.2 7.5 0.0 0 0 3 0 0
-6707.4 -6810.9 -29.6 10 0 11.8 10.6 10.0 2.5 2 0 4 5 5
-6701.1 -6806.9 -29.2 279 0 9.8 14.8 7.5 0.0 0 1 3 3 3
-6690.4 -6809.0 -28.2 277 0 10.1 10.8 7.5 2.5 2 1 3 2 2
-6680.0 -6810.6 -27.4 275 0 9.4 10.3 7.5 2.5 2 1 3 1 1
-6669.2 -6812.8 -26.9 278 0 10.2 11.0 7.5 2.5 2 1 3 5 5
-6658.5 -6815.0 -26.1 278 0 9.8 10.0 5.0 2.5 2 1 2 2 2
-6636.0 -6818.7 -24.9 280 0 9.9 13.1 5.0 2.5 2 1 2 2 2
-6624.9 -6841.9 -24.6 101 0 8.5 11.8 5.0 2.5 2 1 2 1 1
-6645.1 -6849.9 -27.4 6 0 10.7 8.8 7.5 2.5 2 0 3 0 0
-6643.5 -6861.2 -28.2 6 0 9.6 12.5 5.0 2.5 2 1 2 0 0
-6647.9 -6882.2 -29.3 8 0 10.5 11.0 7.5 0.0 0 1 3 4 4
-6655.0 -6894.3 -29.6 96 0 10.3 6.9 5.0 2.5 2 0 2 0 0
-6722.0 -6701.0 -27.5 277 0 11.2 18.4 7.5 0.0 0 1 3 0 0
-6730.9 -6725.2 -28.0 183 0 11.2 8.7 5.0 2.5 2 0 2 4 4
-6737.4 -6742.8 -29.0 184 0 13.7 12.2 5.0 2.5 2 0 2 5 5
-6742.3 -6771.9 -30.1 183 0 11.8 12.4 5.0 2.5 2 1 2 1 1
-6743.5 -6787.2 -30.6 182 0 13.4 12.2 7.5 0.0 0 0 3 4 4
-6746.0 -6808.0 -31.8 186 0 15.7 13.1 7.5 2.5 2 0 3 5 5
-6755.6 -6811.2 -32.5 178 0 9.9 7.5 5.0 2.5 2 0 2 0 0
-6742.9 -6842.5 -33.7 102 0 12.0 13.3 7.5 2.5 2 1 3 5 5
-6745.0 -6854.6 -34.5 102 0 11.7 10.8 5.0 2.5 2 0 2 0 0
-6687.8 -6857.4 -30.7 99 0 15.7 13.9 7.5 2.5 2 0 3 0 0
-6696.7 -6866.1 -31.8 189 0 18.4 13.3 5.0 2.5 2 0 2 4 4
-6700.3 -6885.4 -32.6 189 0 17.8 12.6 7.5 0.0 0 0 3 1 1
-6705.7 -6901.3 -33.4 187 0 13.3 15.1 5.0 2.5 2 1 2 3 3
-6716.9 -6895.5 -34.2 8 0 17.0 6.4 5.0 2.5 2 0 2 5 5
-6719.7 -6912.0 -35.0 8 0 7.5 13.0 5.0 2.5 2 1 2 5 5
-6712.0 -6935.0 -35.4 341 0 22.7 9.3 5.0 2.5 2 0 2 4 4
-6705.6 -6954.1 -35.2 340 0 16.2 6.3 7.5 0.0 0 0 3 1 1
-6778.6 -6969.2 -40.9 193 0 11.2 12.0 7.5 2.5 2 1 3 0 0
-6774.6 -6946.6 -39.5 195 0 11.0 8.1 5.0 2.5 2 0 2 5 5
-6777.7 -6920.0 -39.1 191 0 12.7 8.5 5.0 2.5 2 0 2 1 1
-6768.5 -6922.1 -37.7 191 0 12.6 8.8 7.5 2.5 2 0 3 2 2
-6758.9 -6923.8 -37.0 189 0 11.0 9.8 10.0 2.5 2 0 4 2 2
-6739.3 -6925.7 -36.4 317 0 11.2 8.3 7.5 0.0 0 0 3 3 3
-6744.1 -6955.8 -37.4 71 0 9.7 12.2 5.0 2.5 2 1 2 5 5
-6749.9 -6966.4 -38.0 70 0 6.2 11.9 7.5 2.5 2 1 3 0 0
-6740.0 -6969.1 -37.6 73 0 9.4 11.4 7.5 2.5 2 1 3 5 5
-6738.0 -6974.7 -37.4 160 0 9.9 9.5 5.0 2.5 2 0 2 3 3
-6731.2 -6995.9 -37.2 162 0 11.1 9.0 7.5 2.5 2 0 3 2 2
-6623.3 -7025.7 -29.3 23 0 12.1 11.0 7.5 2.5 2 0 3 3 3
-6639.9 -7047.1 -29.5 114 0 11.5 16.0 7.5 2.5 2 1 3 5 5
-6641.5 -7075.0 -30.0 22 0 16.5 11.2 7.5 2.5 2 0 3 5 5
-6651.5 -7099.1 -30.4 22 0 17.9 9.5 10.0 2.5 2 0 4 2 2
-6664.7 -7131.4 -32.0 22 0 34.8 9.0 12.5 2.5 2 0 5 2 2
-6766.3 -7201.9 -38.0 155 0 9.7 7.7 5.0 0.0 0 0 2 1 1
-6768.4 -7149.8 -39.6 194 0 11.3 7.3 2.5 2.5 2 0 1 0 0
-6744.9 -7021.3 -37.6 14 0 9.6 9.7 7.5 2.5 2 1 3 2 2
-6748.0 -7040.2 -37.4 340 0 11.8 10.0 7.5 2.5 2 0 3 0 0
-6745.4 -7053.0 -36.7 343 0 9.9 8.9 7.5 2.5 2 0 3 3 3
-6732.0 -7065.9 -35.8 8 0 10.6 6.4 5.0 2.5 4 0 2 3 3
-6746.5 -7081.3 -37.3 62 0 8.8 7.5 2.5 2.5 4 0 1 2 2
-6765.8 -7082.0 -39.0 103 0 9.4 10.2 7.5 2.5 2 1 3 0 0
-6771.1 -7076.2 -40.1 13 0 9.9 11.3 7.5 2.5 2 1 3 2 2
-6770.2 -7095.6 -40.4 12 0 9.9 9.0 7.5 2.5 2 0 3 2 2
-6783.2 -7115.6 -41.3 11 0 7.6 10.2 2.5 2.5 4 1 1 1 1
-6783.4 -7139.1 -41.1 17 0 9.1 7.1 5.0 2.5 2 0 2 3 3
-6790.7 -7020.6 -41.5 196 0 11.9 12.4 2.5 2.5 2 1 1 0 0
-6799.3 -7041.8 -42.2 161 0 12.3 12.5 5.0 2.5 2 1 2 3 3
-6799.4 -7068.8 -41.4 160 0 12.0 10.8 2.5 2.5 2 0 1 1 1
-6817.7 -7085.6 -43.8 196 0 12.6 17.3 5.0 2.5 2 1 2 4 4
-6812.8 -7101.9 -43.1 195 0 13.7 13.6 7.5 2.5 2 0 3 3 3
-6816.7 -7116.2 -43.0 197 0 13.9 13.4 7.5 2.5 4 0 3 1 1
-6812.2 -7148.5 -43.3 103 0 10.6 11.2 5.0 2.5 4 1 2 5 5
-6796.4 -7163.3 -42.5 67 0 8.5 10.0 5.0 2.5 4 1 2 3 3
-6713.0 -7015.8 -35.4 68 0 9.5 8.3 10.0 2.5 4 0 4 0 0
-6697.4 -7032.7 -32.5 256 0 10.1 10.8 7.5 2.5 2 1 3 1 1
-6708.3 -7035.2 -33.4 253 0 9.7 10.7 7.5 0.0 0 1 3 4 4
-6718.8 -7044.4 -34.0 158 0 10.9 6.6 10.0 2.5 2 0 4 3 3
-6722.7 -7088.5 -35.3 238 0 11.1 7.0 7.5 2.5 2 0 3 1 1
-6720.7 -7103.0 -35.2 151 0 10.6 10.5 5.0 2.5 2 0 2 4 4
-6733.0 -7147.9 -37.5 331 0 9.7 9.0 2.5 2.5 2 0 1 5 5
-6746.0 -7173.7 -38.0 11 0 10.7 11.2 7.5 0.0 0 1 3 0 0
-6740.0 -7191.6 -36.7 340 0 11.3 9.0 7.5 2.5 2 0 3 3 3
-6752.2 -7201.5 -37.5 69 0 8.5 11.6 7.5 0.0 0 1 3 5 5
-6803.1 -7202.6 -41.4 284 0 8.7 8.8 7.5 2.5 2 1 3 2 2
-6793.1 -7204.6 -40.4 281 0 9.2 9.9 5.0 2.5 2 1 2 0 0
-6777.5 -7222.5 -39.4 341 0 11.5 11.9 7.5 2.5 2 1 3 0 0
-6775.8 -7235.7 -38.3 269 0 9.4 11.5 7.5 2.5 2 1 3 0 0
-6687.3 -7183.6 -33.3 25 0 16.0 10.8 5.0 2.5 2 0 2 0 0
-6698.3 -7209.6 -34.2 22 0 18.9 8.4 5.0 2.5 2 0 2 4 4
-6710.7 -7237.9 -35.4 24 0 30.7 7.0 10.0 2.5 2 0 4 5 5
-6723.0 -7268.1 -36.2 27 0 13.0 8.1 10.0 2.5 2 0 4 2 2
-6856.8 -7174.4 -46.8 207 0 10.5 10.2 5.0 2.5 2 0 2 3 3
-6830.5 -7163.2 -45.3 296 0 11.1 8.7 7.5 2.5 2 0 3 0 0
-6824.9 -7190.9 -44.4 71 0 12.8 12.6 7.5 2.5 2 0 3 3 3
-6824.8 -7209.2 -43.7 233 0 13.4 12.5 5.0 2.5 2 0 2 1 1
-6837.9 -7226.6 -45.0 143 0 12.2 12.5 7.5 2.5 2 1 3 5 5
-6818.6 -7252.8 -43.5 144 0 30.3 7.4 10.0 2.5 2 0 4 5 5
-6798.6 -7277.1 -40.8 150 0 17.0 6.8 2.5 2.5 2 0 1 0 0
-5520.9 -2981.6 -36.4 274 0 12.9 26.9 12.5 2.5 2 1 5 0 0
-3176.4 6404.1 -31.5 315 0 16.0 16.5 10.0 2.5 2 1 4 5 5
-3198.2 6410.0 -31.6 226 0 14.8 6.6 12.0 2.5 2 0 3 3 3
-3239.5 6332.2 -30.4 136 0 34.0 10.7 7.5 2.5 2 0 3 2 2
-3213.7 6305.0 -30.3 136 0 16.8 10.4 8.0 2.5 2 0 2 1 1
-3091.2 6279.8 -30.5 69 0 22.4 39.0 10.0 2.5 2 1 4 5 5
-3068.6 6326.9 -30.5 316 0 21.2 10.1 8.0 2.5 2 0 2 2 2
-4022.5 4583.0 -24.1 229 0 48.3 50.0 12.5 0.0 0 1 5 3 3
-4118.6 4557.9 -26.9 127 0 32.6 27.1 12.5 0.0 0 0 5 4 4
-4152.5 4578.9 -27.6 126 0 28.1 14.2 12.5 2.5 2 0 5 0 0
-4106.2 4619.2 -25.1 311 0 50.8 22.2 12.5 2.5 2 0 5 4 4
-6619.7 -6814.7 -23.2 281 0 8.5 11.8 5.0 2.5 4 1 2 5 5
6518.4 -2386.9 -7.2 311 0 12.7 8.3 5.0 2.5 2 0 2 3 3
6520.2 -2369.3 -7.7 134 0 7.9 7.5 7.5 2.5 2 0 3 3 3
6397.2 -2292.8 -10.7 32 0 6.7 19.8 5.0 2.5 2 1 2 3 3
6611.6 -2622.9 -3.8 21 0 19.4 16.3 10.0 2.5 2 0 4 3 3
6457.7 -2490.0 -6.1 41 0 10.7 19.0 5.0 2.5 2 1 2 5 5
6548.6 -2393.7 -7.0 226 0 6.2 13.9 5.0 2.5 4 1 2 0 0
6542.3 -2397.2 -6.9 225 0 6.9 10.8 7.5 2.5 2 1 3 4 4
6524.5 -2427.6 -6.3 214 0 6.3 12.2 5.0 2.5 2 1 2 1 1
6516.6 -2436.2 -5.8 212 0 6.7 14.4 7.5 2.5 2 1 3 0 0
6502.8 -2458.0 -5.4 216 0 11.7 13.0 5.0 2.5 2 1 2 3 3
6541.7 -2526.2 -3.7 24 0 16.0 10.3 5.0 2.5 2 0 2 5 5
6554.8 -2494.6 -5.0 113 0 10.2 40.9 12.5 2.5 2 1 5 3 3
6586.4 -2410.4 -6.9 148 0 18.1 8.3 5.0 2.5 2 0 2 0 0
6571.8 -2399.4 -6.9 312 0 7.9 10.8 5.0 2.5 2 1 2 4 4
6548.2 -2451.1 -5.4 35 0 6.2 7.2 7.5 2.5 2 1 3 4 4
6626.0 -2361.8 -7.1 129 0 6.5 28.9 7.5 0.0 0 1 3 2 2
6651.8 -2345.2 -7.0 308 0 10.7 24.8 12.5 2.5 2 1 5 2 2
6661.2 -2353.0 -6.8 307 0 10.1 15.6 5.0 0.0 0 1 2 5 5
6952.6 -2361.6 -4.2 67 0 8.9 12.7 5.0 2.5 2 1 2 2 2
6934.3 -2487.9 -4.4 174 0 11.7 9.3 7.5 2.5 2 0 3 3 3
6911.8 -2500.4 -4.6 271 0 10.1 11.9 5.0 2.5 2 1 2 0 0
-2277.2 7812.2 -30.4 113 0 7.9 67.9 10.0 2.5 4 1 4 5 5
-4432.4 4991.0 -28.2 119 0 66.5 19.4 12.5 2.5 2 0 5 5 5
-3978.7 4662.6 -19.6 43 0 37.2 24.5 10.0 0.0 0 0 4 0 0
-3892.0 4987.2 -19.9 292 0 40.9 72.1 12.5 0.0 0 1 5 2 2
-3885.8 4623.7 -18.2 43 0 20.9 71.5 15.0 2.5 2 1 6 4 4
-3882.0 4719.2 -16.5 156 0 46.6 75.0 10.0 0.0 0 1 4 2 2
-3781.3 4716.2 -15.8 151 0 44.7 30.6 12.5 0.0 0 0 5 0 0
-3831.1 5031.0 -20.0 334 0 18.1 45.0 10.0 0.0 0 1 4 3 3
-3869.4 4887.8 -18.1 239 0 17.4 23.3 10.0 2.5 2 1 4 2 2
-3752.4 5065.4 -21.3 338 0 72.1 67.3 10.0 0.0 0 0 4 5 5
-4005.4 4736.1 -18.8 222 0 26.5 75.8 10.0 0.0 0 1 4 1 1
-3836.2 4907.5 -17.9 242 0 41.3 23.2 10.0 0.0 0 0 4 1 1
-4014.4 4699.2 -19.8 42 0 32.5 41.2 10.0 0.0 0 1 4 4 4
